2.755752578377723694e-02
2.573071792721748352e-02
2.759639173746109009e-02
3.334887698292732239e-02
2.794620394706726074e-02
2.390391565859317780e-02
2.814054861664772034e-02
2.522543258965015411e-02
2.215484902262687683e-02
2.518656663596630096e-02
1.986162364482879639e-02
7.112873252481222153e-03
1.830690726637840271e-02
1.787934824824333191e-02
1.927860826253890991e-02
7.812499534338712692e-03
1.694651506841182709e-02
4.819652065634727478e-03
1.096081919968128204e-02
5.324936937540769577e-03
4.625311121344566345e-03
1.982276560738682747e-03
3.925684373825788498e-03
2.915111137554049492e-03
4.275496583431959152e-03
2.332089003175497055e-03
3.770211711525917053e-03
1.865671132691204548e-03
3.303794190287590027e-03
2.565297996625304222e-03
1.982276560738682747e-03
4.897388629615306854e-03
2.370957750827074051e-03
2.992848400026559830e-03
2.487562596797943115e-03
2.215485554188489914e-03
4.392100963741540909e-03
4.703046288341283798e-03
3.498133504763245583e-03
2.254353603348135948e-03
1.982276560738682747e-03
5.402673035860061646e-03
5.830222507938742638e-04
2.293220721185207367e-03
2.915111137554049492e-03
2.604166511446237564e-03
2.565297996625304222e-03
2.176617039367556572e-03
2.215485554188489914e-03
6.607588147744536400e-04
3.226057160645723343e-03
1.166044501587748528e-03
2.953980583697557449e-03
1.710198586806654930e-03
2.215485554188489914e-03
1.982276560738682747e-03
1.127176801674067974e-03
2.720771357417106628e-03
2.798506757244467735e-03
1.204913016408681870e-03
2.953980583697557449e-03
1.671330886892974377e-03
1.593594672158360481e-03
2.409826032817363739e-03
2.759638940915465355e-03
1.826803199946880341e-03
2.876243321225047112e-03
1.476990291848778725e-03
3.264925442636013031e-03
1.787935732863843441e-03
2.681902376934885979e-03
2.215485554188489914e-03
2.409826032817363739e-03
8.162313606590032578e-04
1.787935732863843441e-03
2.215485554188489914e-03
2.293220721185207367e-03
2.215485554188489914e-03
1.321517629548907280e-03
1.749066752381622791e-03
9.328355663456022739e-04
1.943407463841140270e-03
2.098880009725689888e-03
2.021144144237041473e-03
1.710198586806654930e-03
1.049440004862844944e-03
1.826803199946880341e-03
2.021144144237041473e-03
3.109452081844210625e-03
1.904539531096816063e-03
2.098880009725689888e-03
6.607588147744536400e-04
1.593594672158360481e-03
2.448694314807653427e-03
1.204913016408681870e-03
1.360385678708553314e-03
7.384951459243893623e-04
1.515857991762459278e-03
1.632462721318006516e-03
2.060012193396687508e-03
2.643035259097814560e-03
1.360385678708553314e-03
1.360385678708553314e-03
0.000000000000000000e+00
1.360385678708553314e-03
1.710198586806654930e-03
2.021144144237041473e-03
1.904539531096816063e-03
0.000000000000000000e+00
1.865671132691204548e-03
1.710198586806654930e-03
1.360385678708553314e-03
2.215485554188489914e-03
1.554726040922105312e-03
8.939678664319217205e-04
1.049440004862844944e-03
1.515857991762459278e-03
9.328355663456022739e-04
1.243781298398971558e-03
2.565297996625304222e-03
1.554726040922105312e-03
2.293220721185207367e-03
1.749066752381622791e-03
7.773630204610526562e-04
1.593594672158360481e-03
1.554726040922105312e-03
1.554726040922105312e-03
1.749066752381622791e-03
1.010572072118520737e-03
6.996266893111169338e-04
1.204913016408681870e-03
1.515857991762459278e-03
1.010572072118520737e-03
2.215485554188489914e-03
0.000000000000000000e+00
9.328355663456022739e-04
1.243781298398971558e-03
1.010572072118520737e-03
2.409826032817363739e-03
2.060012193396687508e-03
7.773630204610526562e-04
2.293220721185207367e-03
9.717037319205701351e-04
1.476990291848778725e-03
6.607588147744536400e-04
1.243781298398971558e-03
1.166044501587748528e-03
1.010572072118520737e-03
7.773630204610526562e-04
8.939678664319217205e-04
0.000000000000000000e+00
8.550992934033274651e-04
1.282648998312652111e-03
1.282648998312652111e-03
5.052860360592603683e-04
1.049440004862844944e-03
1.166044501587748528e-03
8.939678664319217205e-04
1.010572072118520737e-03
1.943407463841140270e-03
2.098880009725689888e-03
1.554726040922105312e-03
0.000000000000000000e+00
5.441542598418891430e-04
8.939678664319217205e-04
1.010572072118520737e-03
1.282648998312652111e-03
1.282648998312652111e-03
1.787935732863843441e-03
1.049440004862844944e-03
5.441542598418891430e-04
2.060012193396687508e-03
7.773630204610526562e-04
0.000000000000000000e+00
0.000000000000000000e+00
8.550992934033274651e-04
1.010572072118520737e-03
5.052860360592603683e-04
5.441542598418891430e-04
0.000000000000000000e+00
9.328355663456022739e-04
9.328355663456022739e-04
7.773630204610526562e-04
7.773630204610526562e-04
1.632462721318006516e-03
1.204913016408681870e-03
1.127176801674067974e-03
0.000000000000000000e+00
1.360385678708553314e-03
9.328355663456022739e-04
9.717037319205701351e-04
6.996266893111169338e-04
0.000000000000000000e+00
1.166044501587748528e-03
1.671330886892974377e-03
1.088308519683778286e-03
1.204913016408681870e-03
0.000000000000000000e+00
1.049440004862844944e-03
1.554726040922105312e-03
9.328355663456022739e-04
1.438121660612523556e-03
8.550992934033274651e-04
1.593594672158360481e-03
8.162313606590032578e-04
9.717037319205701351e-04
1.632462721318006516e-03
0.000000000000000000e+00
5.052860360592603683e-04
1.049440004862844944e-03
1.204913016408681870e-03
7.384951459243893623e-04
9.717037319205701351e-04
1.360385678708553314e-03
1.593594672158360481e-03
1.593594672158360481e-03
8.939678664319217205e-04
5.441542598418891430e-04
1.049440004862844944e-03
1.127176801674067974e-03
7.773630204610526562e-04
1.049440004862844944e-03
1.593594672158360481e-03
1.554726040922105312e-03
1.243781298398971558e-03
1.243781298398971558e-03
5.052860360592603683e-04
9.328355663456022739e-04
8.162313606590032578e-04
7.384951459243893623e-04
1.476990291848778725e-03
1.088308519683778286e-03
6.996266893111169338e-04
1.282648998312652111e-03
1.399253378622233868e-03
0.000000000000000000e+00
7.384951459243893623e-04
1.360385678708553314e-03
1.515857991762459278e-03
1.282648998312652111e-03
5.830222507938742638e-04
1.243781298398971558e-03
1.282648998312652111e-03
6.218906491994857788e-04
1.671330886892974377e-03
7.773630204610526562e-04
1.399253378622233868e-03
8.550992934033274651e-04
5.441542598418891430e-04
1.593594672158360481e-03
1.476990291848778725e-03
1.399253378622233868e-03
1.049440004862844944e-03
5.441542598418891430e-04
9.717037319205701351e-04
1.515857991762459278e-03
0.000000000000000000e+00
0.000000000000000000e+00
1.360385678708553314e-03
1.127176801674067974e-03
1.360385678708553314e-03
0.000000000000000000e+00
1.399253378622233868e-03
5.441542598418891430e-04
9.328355663456022739e-04
8.162313606590032578e-04
1.127176801674067974e-03
1.360385678708553314e-03
1.438121660612523556e-03
8.550992934033274651e-04
6.996266893111169338e-04
5.441542598418891430e-04
0.000000000000000000e+00
8.162313606590032578e-04
8.939678664319217205e-04
9.717037319205701351e-04
5.441542598418891430e-04
1.282648998312652111e-03
6.607588147744536400e-04
1.438121660612523556e-03
1.088308519683778286e-03
0.000000000000000000e+00
0.000000000000000000e+00
0.000000000000000000e+00
0.000000000000000000e+00
9.328355663456022739e-04
5.052860360592603683e-04
0.000000000000000000e+00
1.088308519683778286e-03
5.830222507938742638e-04
7.384951459243893623e-04
1.088308519683778286e-03
0.000000000000000000e+00
5.052860360592603683e-04
5.830222507938742638e-04
0.000000000000000000e+00
0.000000000000000000e+00
1.476990291848778725e-03
0.000000000000000000e+00
5.830222507938742638e-04
1.438121660612523556e-03
5.830222507938742638e-04
8.162313606590032578e-04
1.321517629548907280e-03
5.052860360592603683e-04
0.000000000000000000e+00
9.717037319205701351e-04
9.328355663456022739e-04
8.939678664319217205e-04
1.088308519683778286e-03
0.000000000000000000e+00
6.607588147744536400e-04
1.010572072118520737e-03
6.996266893111169338e-04
0.000000000000000000e+00
0.000000000000000000e+00
1.088308519683778286e-03
6.218906491994857788e-04
8.939678664319217205e-04
7.773630204610526562e-04
5.441542598418891430e-04
1.515857991762459278e-03
8.939678664319217205e-04
1.010572072118520737e-03
5.052860360592603683e-04
7.384951459243893623e-04
0.000000000000000000e+00
7.773630204610526562e-04
5.052860360592603683e-04
6.607588147744536400e-04
5.830222507938742638e-04
1.399253378622233868e-03
6.607588147744536400e-04
1.438121660612523556e-03
6.607588147744536400e-04
1.088308519683778286e-03
1.127176801674067974e-03
5.052860360592603683e-04
9.328355663456022739e-04
0.000000000000000000e+00
0.000000000000000000e+00
5.441542598418891430e-04
0.000000000000000000e+00
7.773630204610526562e-04
5.052860360592603683e-04
0.000000000000000000e+00
0.000000000000000000e+00
8.550992934033274651e-04
8.162313606590032578e-04
8.550992934033274651e-04
5.830222507938742638e-04
1.049440004862844944e-03
6.996266893111169338e-04
5.830222507938742638e-04
1.088308519683778286e-03
1.204913016408681870e-03
1.088308519683778286e-03
8.939678664319217205e-04
1.010572072118520737e-03
7.773630204610526562e-04
0.000000000000000000e+00
6.607588147744536400e-04
7.384951459243893623e-04
0.000000000000000000e+00
7.384951459243893623e-04
5.830222507938742638e-04
8.550992934033274651e-04
1.166044501587748528e-03
5.830222507938742638e-04
0.000000000000000000e+00
0.000000000000000000e+00
1.127176801674067974e-03
5.830222507938742638e-04
1.010572072118520737e-03
6.218906491994857788e-04
6.996266893111169338e-04
1.088308519683778286e-03
0.000000000000000000e+00
0.000000000000000000e+00
0.000000000000000000e+00
5.052860360592603683e-04
1.321517629548907280e-03
9.717037319205701351e-04
9.328355663456022739e-04
5.830222507938742638e-04
8.939678664319217205e-04
5.830222507938742638e-04
0.000000000000000000e+00
5.441542598418891430e-04
1.088308519683778286e-03
1.166044501587748528e-03
0.000000000000000000e+00
1.088308519683778286e-03
5.052860360592603683e-04
1.049440004862844944e-03
7.773630204610526562e-04
8.939678664319217205e-04
5.830222507938742638e-04
5.830222507938742638e-04
6.607588147744536400e-04
7.773630204610526562e-04
6.607588147744536400e-04
1.243781298398971558e-03
0.000000000000000000e+00
0.000000000000000000e+00
8.550992934033274651e-04
0.000000000000000000e+00
5.830222507938742638e-04
1.127176801674067974e-03
1.204913016408681870e-03
1.049440004862844944e-03
0.000000000000000000e+00
0.000000000000000000e+00
8.162313606590032578e-04
0.000000000000000000e+00
1.127176801674067974e-03
5.441542598418891430e-04
6.218906491994857788e-04
0.000000000000000000e+00
8.162313606590032578e-04
0.000000000000000000e+00
0.000000000000000000e+00
6.218906491994857788e-04
0.000000000000000000e+00
5.830222507938742638e-04
7.384951459243893623e-04
5.441542598418891430e-04
1.243781298398971558e-03
1.010572072118520737e-03
0.000000000000000000e+00
0.000000000000000000e+00
9.328355663456022739e-04
0.000000000000000000e+00
0.000000000000000000e+00
0.000000000000000000e+00
0.000000000000000000e+00
0.000000000000000000e+00
0.000000000000000000e+00
8.162313606590032578e-04
7.773630204610526562e-04
0.000000000000000000e+00
5.441542598418891430e-04
0.000000000000000000e+00
0.000000000000000000e+00
0.000000000000000000e+00
6.607588147744536400e-04
0.000000000000000000e+00
7.384951459243893623e-04
8.939678664319217205e-04
0.000000000000000000e+00
5.441542598418891430e-04
0.000000000000000000e+00
7.773630204610526562e-04
0.000000000000000000e+00
5.052860360592603683e-04
9.328355663456022739e-04
8.162313606590032578e-04
0.000000000000000000e+00
5.052860360592603683e-04
6.607588147744536400e-04
5.052860360592603683e-04
5.830222507938742638e-04
5.052860360592603683e-04
0.000000000000000000e+00
0.000000000000000000e+00
0.000000000000000000e+00
5.052860360592603683e-04
0.000000000000000000e+00
0.000000000000000000e+00
0.000000000000000000e+00
7.384951459243893623e-04
6.218906491994857788e-04
1.010572072118520737e-03
0.000000000000000000e+00
7.384951459243893623e-04
5.052860360592603683e-04
0.000000000000000000e+00
5.441542598418891430e-04
7.384951459243893623e-04
6.218906491994857788e-04
0.000000000000000000e+00
6.607588147744536400e-04
6.996266893111169338e-04
6.996266893111169338e-04
9.328355663456022739e-04
8.939678664319217205e-04
6.218906491994857788e-04
5.052860360592603683e-04
0.000000000000000000e+00
0.000000000000000000e+00
5.830222507938742638e-04
7.773630204610526562e-04
5.441542598418891430e-04
0.000000000000000000e+00
0.000000000000000000e+00
1.049440004862844944e-03
8.550992934033274651e-04
8.550992934033274651e-04
5.052860360592603683e-04
0.000000000000000000e+00
0.000000000000000000e+00
0.000000000000000000e+00
5.052860360592603683e-04
7.384951459243893623e-04
7.773630204610526562e-04
9.717037319205701351e-04
0.000000000000000000e+00
0.000000000000000000e+00
7.773630204610526562e-04
0.000000000000000000e+00
5.052860360592603683e-04
0.000000000000000000e+00
1.010572072118520737e-03
6.607588147744536400e-04
0.000000000000000000e+00
6.996266893111169338e-04
0.000000000000000000e+00
5.441542598418891430e-04
0.000000000000000000e+00
6.607588147744536400e-04
7.773630204610526562e-04
5.052860360592603683e-04
0.000000000000000000e+00
5.830222507938742638e-04
8.162313606590032578e-04
8.162313606590032578e-04
0.000000000000000000e+00
5.830222507938742638e-04
5.052860360592603683e-04
9.328355663456022739e-04
5.441542598418891430e-04
7.773630204610526562e-04
5.052860360592603683e-04
5.830222507938742638e-04
0.000000000000000000e+00
0.000000000000000000e+00
0.000000000000000000e+00
0.000000000000000000e+00
0.000000000000000000e+00
8.162313606590032578e-04
0.000000000000000000e+00
9.717037319205701351e-04
5.830222507938742638e-04
9.717037319205701351e-04
6.218906491994857788e-04
0.000000000000000000e+00
6.218906491994857788e-04
5.830222507938742638e-04
0.000000000000000000e+00
0.000000000000000000e+00
9.717037319205701351e-04
5.441542598418891430e-04
7.773630204610526562e-04
6.607588147744536400e-04
0.000000000000000000e+00
9.328355663456022739e-04
0.000000000000000000e+00
7.773630204610526562e-04
0.000000000000000000e+00
0.000000000000000000e+00
9.328355663456022739e-04
0.000000000000000000e+00
1.010572072118520737e-03
1.010572072118520737e-03
7.384951459243893623e-04
0.000000000000000000e+00
0.000000000000000000e+00
5.052860360592603683e-04
0.000000000000000000e+00
0.000000000000000000e+00
0.000000000000000000e+00
8.162313606590032578e-04
0.000000000000000000e+00
0.000000000000000000e+00
8.162313606590032578e-04
6.996266893111169338e-04
0.000000000000000000e+00
5.441542598418891430e-04
0.000000000000000000e+00
5.830222507938742638e-04
0.000000000000000000e+00
5.441542598418891430e-04
0.000000000000000000e+00
0.000000000000000000e+00
0.000000000000000000e+00
0.000000000000000000e+00
0.000000000000000000e+00
0.000000000000000000e+00
0.000000000000000000e+00
7.384951459243893623e-04
0.000000000000000000e+00
6.607588147744536400e-04
5.441542598418891430e-04
0.000000000000000000e+00
0.000000000000000000e+00
9.328355663456022739e-04
0.000000000000000000e+00
8.550992934033274651e-04
7.384951459243893623e-04
6.607588147744536400e-04
6.607588147744536400e-04
8.939678664319217205e-04
7.773630204610526562e-04
5.830222507938742638e-04
6.218906491994857788e-04
7.773630204610526562e-04
5.830222507938742638e-04
6.218906491994857788e-04
6.996266893111169338e-04
5.830222507938742638e-04
5.830222507938742638e-04
0.000000000000000000e+00
0.000000000000000000e+00
0.000000000000000000e+00
0.000000000000000000e+00
5.441542598418891430e-04
6.607588147744536400e-04
0.000000000000000000e+00
0.000000000000000000e+00
5.830222507938742638e-04
0.000000000000000000e+00
5.052860360592603683e-04
0.000000000000000000e+00
0.000000000000000000e+00
7.384951459243893623e-04
0.000000000000000000e+00
7.384951459243893623e-04
0.000000000000000000e+00
6.218906491994857788e-04
5.052860360592603683e-04
0.000000000000000000e+00
0.000000000000000000e+00
0.000000000000000000e+00
0.000000000000000000e+00
0.000000000000000000e+00
0.000000000000000000e+00
7.773630204610526562e-04
8.939678664319217205e-04
0.000000000000000000e+00
0.000000000000000000e+00
5.052860360592603683e-04
5.441542598418891430e-04
0.000000000000000000e+00
6.996266893111169338e-04
5.052860360592603683e-04
0.000000000000000000e+00
0.000000000000000000e+00
0.000000000000000000e+00
0.000000000000000000e+00
5.441542598418891430e-04
5.830222507938742638e-04
0.000000000000000000e+00
5.052860360592603683e-04
0.000000000000000000e+00
0.000000000000000000e+00
0.000000000000000000e+00
0.000000000000000000e+00
0.000000000000000000e+00
0.000000000000000000e+00
0.000000000000000000e+00
0.000000000000000000e+00
0.000000000000000000e+00
0.000000000000000000e+00
6.218906491994857788e-04
5.830222507938742638e-04
0.000000000000000000e+00
5.441542598418891430e-04
8.550992934033274651e-04
0.000000000000000000e+00
0.000000000000000000e+00
6.607588147744536400e-04
5.830222507938742638e-04
7.773630204610526562e-04
5.052860360592603683e-04
6.218906491994857788e-04
8.550992934033274651e-04
5.052860360592603683e-04
6.607588147744536400e-04
0.000000000000000000e+00
0.000000000000000000e+00
6.607588147744536400e-04
0.000000000000000000e+00
0.000000000000000000e+00
6.996266893111169338e-04
0.000000000000000000e+00
0.000000000000000000e+00
0.000000000000000000e+00
0.000000000000000000e+00
0.000000000000000000e+00
0.000000000000000000e+00
0.000000000000000000e+00
0.000000000000000000e+00
0.000000000000000000e+00
5.052860360592603683e-04
7.384951459243893623e-04
6.218906491994857788e-04
0.000000000000000000e+00
0.000000000000000000e+00
0.000000000000000000e+00
6.218906491994857788e-04
0.000000000000000000e+00
0.000000000000000000e+00
8.550992934033274651e-04
0.000000000000000000e+00
5.052860360592603683e-04
6.996266893111169338e-04
5.052860360592603683e-04
0.000000000000000000e+00
0.000000000000000000e+00
0.000000000000000000e+00
0.000000000000000000e+00
0.000000000000000000e+00
6.218906491994857788e-04
0.000000000000000000e+00
0.000000000000000000e+00
5.441542598418891430e-04
5.830222507938742638e-04
0.000000000000000000e+00
0.000000000000000000e+00
5.052860360592603683e-04
5.052860360592603683e-04
6.218906491994857788e-04
0.000000000000000000e+00
5.052860360592603683e-04
0.000000000000000000e+00
0.000000000000000000e+00
0.000000000000000000e+00
7.773630204610526562e-04
5.830222507938742638e-04
0.000000000000000000e+00
0.000000000000000000e+00
5.441542598418891430e-04
0.000000000000000000e+00
0.000000000000000000e+00
0.000000000000000000e+00
5.830222507938742638e-04
0.000000000000000000e+00
0.000000000000000000e+00
0.000000000000000000e+00
0.000000000000000000e+00
0.000000000000000000e+00
6.607588147744536400e-04
0.000000000000000000e+00
0.000000000000000000e+00
5.441542598418891430e-04
0.000000000000000000e+00
0.000000000000000000e+00
0.000000000000000000e+00
0.000000000000000000e+00
0.000000000000000000e+00
0.000000000000000000e+00
7.384951459243893623e-04
0.000000000000000000e+00
0.000000000000000000e+00
0.000000000000000000e+00
0.000000000000000000e+00
0.000000000000000000e+00
0.000000000000000000e+00
5.441542598418891430e-04
0.000000000000000000e+00
0.000000000000000000e+00
0.000000000000000000e+00
5.052860360592603683e-04
0.000000000000000000e+00
5.830222507938742638e-04
6.996266893111169338e-04
0.000000000000000000e+00
0.000000000000000000e+00
0.000000000000000000e+00
0.000000000000000000e+00
0.000000000000000000e+00
0.000000000000000000e+00
0.000000000000000000e+00
6.218906491994857788e-04
5.052860360592603683e-04
0.000000000000000000e+00
0.000000000000000000e+00
5.830222507938742638e-04
0.000000000000000000e+00
0.000000000000000000e+00
5.441542598418891430e-04
0.000000000000000000e+00
0.000000000000000000e+00
5.052860360592603683e-04
6.996266893111169338e-04
0.000000000000000000e+00
5.441542598418891430e-04
6.218906491994857788e-04
0.000000000000000000e+00
0.000000000000000000e+00
0.000000000000000000e+00
0.000000000000000000e+00
6.607588147744536400e-04
5.441542598418891430e-04
6.218906491994857788e-04
5.830222507938742638e-04
0.000000000000000000e+00
5.441542598418891430e-04
0.000000000000000000e+00
0.000000000000000000e+00
0.000000000000000000e+00
5.441542598418891430e-04
0.000000000000000000e+00
0.000000000000000000e+00
0.000000000000000000e+00
6.996266893111169338e-04
0.000000000000000000e+00
0.000000000000000000e+00
6.607588147744536400e-04
0.000000000000000000e+00
0.000000000000000000e+00
0.000000000000000000e+00
6.607588147744536400e-04
0.000000000000000000e+00
5.441542598418891430e-04
0.000000000000000000e+00
0.000000000000000000e+00
0.000000000000000000e+00
0.000000000000000000e+00
0.000000000000000000e+00
5.052860360592603683e-04
0.000000000000000000e+00
0.000000000000000000e+00
6.996266893111169338e-04
0.000000000000000000e+00
0.000000000000000000e+00
0.000000000000000000e+00
5.052860360592603683e-04
0.000000000000000000e+00
5.830222507938742638e-04
5.052860360592603683e-04
5.830222507938742638e-04
0.000000000000000000e+00
0.000000000000000000e+00
0.000000000000000000e+00
0.000000000000000000e+00
0.000000000000000000e+00
5.052860360592603683e-04
0.000000000000000000e+00
0.000000000000000000e+00
0.000000000000000000e+00
6.218906491994857788e-04
0.000000000000000000e+00
0.000000000000000000e+00
0.000000000000000000e+00
5.830222507938742638e-04
0.000000000000000000e+00
0.000000000000000000e+00
5.830222507938742638e-04
0.000000000000000000e+00
0.000000000000000000e+00
0.000000000000000000e+00
0.000000000000000000e+00
0.000000000000000000e+00
0.000000000000000000e+00
0.000000000000000000e+00
0.000000000000000000e+00
5.441542598418891430e-04
0.000000000000000000e+00
0.000000000000000000e+00
0.000000000000000000e+00
0.000000000000000000e+00
0.000000000000000000e+00
0.000000000000000000e+00
0.000000000000000000e+00
0.000000000000000000e+00
5.052860360592603683e-04
0.000000000000000000e+00
0.000000000000000000e+00
0.000000000000000000e+00
0.000000000000000000e+00
0.000000000000000000e+00
0.000000000000000000e+00
0.000000000000000000e+00
0.000000000000000000e+00
5.052860360592603683e-04
0.000000000000000000e+00
0.000000000000000000e+00
0.000000000000000000e+00
0.000000000000000000e+00
0.000000000000000000e+00
0.000000000000000000e+00
5.441542598418891430e-04
0.000000000000000000e+00
0.000000000000000000e+00
0.000000000000000000e+00
0.000000000000000000e+00
5.052860360592603683e-04
0.000000000000000000e+00
5.441542598418891430e-04
0.000000000000000000e+00
0.000000000000000000e+00
0.000000000000000000e+00
0.000000000000000000e+00
0.000000000000000000e+00
5.052860360592603683e-04
0.000000000000000000e+00
0.000000000000000000e+00
0.000000000000000000e+00
0.000000000000000000e+00
0.000000000000000000e+00
0.000000000000000000e+00
0.000000000000000000e+00
0.000000000000000000e+00
0.000000000000000000e+00
0.000000000000000000e+00
0.000000000000000000e+00
0.000000000000000000e+00
0.000000000000000000e+00
5.441542598418891430e-04
0.000000000000000000e+00
0.000000000000000000e+00
0.000000000000000000e+00
0.000000000000000000e+00
0.000000000000000000e+00
0.000000000000000000e+00
0.000000000000000000e+00
5.052860360592603683e-04
0.000000000000000000e+00
0.000000000000000000e+00
0.000000000000000000e+00
0.000000000000000000e+00
0.000000000000000000e+00
0.000000000000000000e+00
0.000000000000000000e+00
0.000000000000000000e+00
0.000000000000000000e+00
0.000000000000000000e+00
0.000000000000000000e+00
0.000000000000000000e+00
0.000000000000000000e+00
0.000000000000000000e+00
0.000000000000000000e+00
0.000000000000000000e+00
0.000000000000000000e+00
0.000000000000000000e+00
5.052860360592603683e-04
0.000000000000000000e+00
0.000000000000000000e+00
0.000000000000000000e+00
5.441542598418891430e-04
0.000000000000000000e+00
0.000000000000000000e+00
0.000000000000000000e+00
0.000000000000000000e+00
0.000000000000000000e+00
0.000000000000000000e+00
0.000000000000000000e+00
0.000000000000000000e+00
0.000000000000000000e+00
0.000000000000000000e+00
0.000000000000000000e+00
0.000000000000000000e+00
0.000000000000000000e+00
0.000000000000000000e+00
0.000000000000000000e+00
0.000000000000000000e+00
0.000000000000000000e+00
0.000000000000000000e+00
0.000000000000000000e+00
0.000000000000000000e+00
0.000000000000000000e+00
0.000000000000000000e+00
0.000000000000000000e+00
0.000000000000000000e+00
0.000000000000000000e+00
0.000000000000000000e+00
0.000000000000000000e+00
0.000000000000000000e+00
0.000000000000000000e+00
0.000000000000000000e+00
0.000000000000000000e+00
0.000000000000000000e+00
0.000000000000000000e+00
0.000000000000000000e+00
0.000000000000000000e+00
0.000000000000000000e+00
0.000000000000000000e+00
0.000000000000000000e+00
0.000000000000000000e+00
0.000000000000000000e+00
0.000000000000000000e+00
0.000000000000000000e+00
0.000000000000000000e+00
0.000000000000000000e+00
0.000000000000000000e+00
0.000000000000000000e+00
0.000000000000000000e+00
0.000000000000000000e+00
0.000000000000000000e+00
0.000000000000000000e+00
0.000000000000000000e+00
0.000000000000000000e+00
0.000000000000000000e+00
0.000000000000000000e+00
0.000000000000000000e+00
0.000000000000000000e+00
0.000000000000000000e+00
0.000000000000000000e+00
0.000000000000000000e+00
0.000000000000000000e+00
0.000000000000000000e+00
0.000000000000000000e+00
0.000000000000000000e+00
0.000000000000000000e+00
0.000000000000000000e+00
0.000000000000000000e+00
0.000000000000000000e+00
0.000000000000000000e+00
0.000000000000000000e+00
0.000000000000000000e+00
0.000000000000000000e+00
0.000000000000000000e+00
0.000000000000000000e+00
0.000000000000000000e+00
0.000000000000000000e+00
0.000000000000000000e+00
0.000000000000000000e+00
0.000000000000000000e+00
0.000000000000000000e+00
0.000000000000000000e+00
0.000000000000000000e+00
0.000000000000000000e+00
0.000000000000000000e+00
0.000000000000000000e+00
0.000000000000000000e+00
0.000000000000000000e+00
0.000000000000000000e+00
0.000000000000000000e+00
0.000000000000000000e+00
0.000000000000000000e+00
0.000000000000000000e+00
0.000000000000000000e+00
0.000000000000000000e+00
0.000000000000000000e+00
0.000000000000000000e+00
0.000000000000000000e+00
0.000000000000000000e+00
0.000000000000000000e+00
0.000000000000000000e+00
0.000000000000000000e+00
0.000000000000000000e+00
0.000000000000000000e+00
0.000000000000000000e+00
0.000000000000000000e+00
0.000000000000000000e+00
0.000000000000000000e+00
0.000000000000000000e+00
0.000000000000000000e+00
0.000000000000000000e+00
0.000000000000000000e+00
0.000000000000000000e+00
0.000000000000000000e+00
0.000000000000000000e+00
0.000000000000000000e+00
0.000000000000000000e+00
0.000000000000000000e+00
0.000000000000000000e+00
0.000000000000000000e+00
0.000000000000000000e+00
0.000000000000000000e+00
0.000000000000000000e+00
0.000000000000000000e+00
0.000000000000000000e+00
0.000000000000000000e+00
0.000000000000000000e+00
0.000000000000000000e+00
0.000000000000000000e+00
0.000000000000000000e+00
0.000000000000000000e+00
0.000000000000000000e+00
0.000000000000000000e+00
0.000000000000000000e+00
0.000000000000000000e+00
0.000000000000000000e+00
0.000000000000000000e+00
0.000000000000000000e+00
0.000000000000000000e+00
0.000000000000000000e+00
0.000000000000000000e+00
0.000000000000000000e+00
0.000000000000000000e+00
0.000000000000000000e+00
0.000000000000000000e+00
0.000000000000000000e+00
0.000000000000000000e+00
0.000000000000000000e+00
0.000000000000000000e+00
0.000000000000000000e+00
0.000000000000000000e+00
0.000000000000000000e+00
0.000000000000000000e+00
0.000000000000000000e+00
0.000000000000000000e+00
0.000000000000000000e+00
0.000000000000000000e+00
0.000000000000000000e+00
0.000000000000000000e+00
0.000000000000000000e+00
0.000000000000000000e+00
0.000000000000000000e+00
0.000000000000000000e+00
0.000000000000000000e+00
0.000000000000000000e+00
0.000000000000000000e+00
0.000000000000000000e+00
0.000000000000000000e+00
0.000000000000000000e+00
0.000000000000000000e+00
0.000000000000000000e+00
0.000000000000000000e+00
0.000000000000000000e+00
0.000000000000000000e+00
0.000000000000000000e+00
0.000000000000000000e+00
0.000000000000000000e+00
0.000000000000000000e+00
0.000000000000000000e+00
0.000000000000000000e+00
0.000000000000000000e+00
0.000000000000000000e+00
0.000000000000000000e+00
0.000000000000000000e+00
0.000000000000000000e+00
0.000000000000000000e+00
0.000000000000000000e+00
0.000000000000000000e+00
0.000000000000000000e+00
0.000000000000000000e+00
0.000000000000000000e+00
0.000000000000000000e+00
0.000000000000000000e+00
0.000000000000000000e+00
0.000000000000000000e+00
0.000000000000000000e+00
0.000000000000000000e+00
0.000000000000000000e+00
0.000000000000000000e+00
0.000000000000000000e+00
0.000000000000000000e+00
0.000000000000000000e+00
0.000000000000000000e+00
0.000000000000000000e+00
0.000000000000000000e+00
0.000000000000000000e+00
0.000000000000000000e+00
0.000000000000000000e+00
0.000000000000000000e+00
0.000000000000000000e+00
0.000000000000000000e+00
0.000000000000000000e+00
0.000000000000000000e+00
0.000000000000000000e+00
0.000000000000000000e+00
0.000000000000000000e+00
0.000000000000000000e+00
0.000000000000000000e+00
0.000000000000000000e+00
0.000000000000000000e+00
0.000000000000000000e+00
0.000000000000000000e+00
0.000000000000000000e+00
0.000000000000000000e+00
0.000000000000000000e+00
0.000000000000000000e+00
0.000000000000000000e+00
0.000000000000000000e+00
0.000000000000000000e+00
0.000000000000000000e+00
0.000000000000000000e+00
0.000000000000000000e+00
0.000000000000000000e+00
0.000000000000000000e+00
0.000000000000000000e+00
0.000000000000000000e+00
0.000000000000000000e+00
0.000000000000000000e+00
0.000000000000000000e+00
0.000000000000000000e+00
0.000000000000000000e+00
0.000000000000000000e+00
0.000000000000000000e+00
0.000000000000000000e+00
0.000000000000000000e+00
0.000000000000000000e+00
0.000000000000000000e+00
0.000000000000000000e+00
0.000000000000000000e+00
0.000000000000000000e+00
0.000000000000000000e+00
0.000000000000000000e+00
0.000000000000000000e+00
0.000000000000000000e+00
0.000000000000000000e+00
0.000000000000000000e+00
0.000000000000000000e+00
0.000000000000000000e+00
0.000000000000000000e+00
0.000000000000000000e+00
0.000000000000000000e+00
0.000000000000000000e+00
0.000000000000000000e+00
0.000000000000000000e+00
0.000000000000000000e+00
0.000000000000000000e+00
0.000000000000000000e+00
0.000000000000000000e+00
0.000000000000000000e+00
0.000000000000000000e+00
0.000000000000000000e+00
0.000000000000000000e+00
0.000000000000000000e+00
