3.854686161503195763e-03
3.750366624444723129e-03
3.856859868392348289e-03
4.160307347774505615e-03
3.876341506838798523e-03
3.641502000391483307e-03
3.887102007865905762e-03
3.720731940120458603e-03
3.532486269250512123e-03
3.718437626957893372e-03
3.381418064236640930e-03
2.242388902232050896e-03
3.272946691140532494e-03
3.242153907194733620e-03
3.341359551995992661e-03
2.328139264136552811e-03
3.173402044922113419e-03
1.919106929562985897e-03
2.665815874934196472e-03
1.997187035158276558e-03
1.887770835310220718e-03
1.345112570561468601e-03
1.767905545420944691e-03
1.569476909935474396e-03
1.829311135224997997e-03
1.435459824278950691e-03
1.739559113048017025e-03
1.312885899096727371e-03
1.650053891353309155e-03
1.491241971962153912e-03
1.345112570561468601e-03
1.931428792886435986e-03
1.444982248358428478e-03
1.586086233146488667e-03
1.472999341785907745e-03
1.406307914294302464e-03
1.849106163717806339e-03
1.900398288853466511e-03
1.688213902525603771e-03
1.416125451214611530e-03
1.345112570561468601e-03
2.008798765018582344e-03
8.244551136158406734e-04
1.425841590389609337e-03
1.569476909935474396e-03
1.500238897278904915e-03
1.491241971962153912e-03
1.396386651322245598e-03
1.406307914294302464e-03
8.667823858559131622e-04
1.634412794373929501e-03
1.087874989025294781e-03
1.577814691700041294e-03
1.267977408133447170e-03
1.406307914294302464e-03
1.345112570561468601e-03
1.073222490958869457e-03
1.526756444945931435e-03
1.544057391583919525e-03
1.102237496525049210e-03
1.577814691700041294e-03
1.256370800547301769e-03
1.232662238180637360e-03
1.454411074519157410e-03
1.535443589091300964e-03
1.301876036450266838e-03
1.561072655022144318e-03
1.195759861730039120e-03
1.642261282540857792e-03
1.290724729187786579e-03
1.517994096502661705e-03
1.406307914294302464e-03
1.454411074519157410e-03
9.432313963770866394e-04
1.290724729187786579e-03
1.406307914294302464e-03
1.425841590389609337e-03
1.406307914294302464e-03
1.143726287409663200e-03
1.279426855035126209e-03
9.949813829734921455e-04
1.334499684162437916e-03
1.376220374368131161e-03
1.355600776150822639e-03
1.267977408133447170e-03
1.042980002239346504e-03
1.301876036450266838e-03
1.355600776150822639e-03
1.610521343536674976e-03
1.323758740909397602e-03
1.376220374368131161e-03
8.667823858559131622e-04
1.232662238180637360e-03
1.463749329559504986e-03
1.102237496525049210e-03
1.157065038569271564e-03
9.062165045179426670e-04
1.208248664624989033e-03
1.244601327925920486e-03
1.365968957543373108e-03
1.509155728854238987e-03
1.157065038569271564e-03
1.157065038569271564e-03
6.720901583321392536e-04
1.157065038569271564e-03
1.267977408133447170e-03
1.355600776150822639e-03
1.323758740909397602e-03
7.282618316821753979e-04
1.312885899096727371e-03
1.267977408133447170e-03
1.157065038569271564e-03
1.406307914294302464e-03
1.220546895638108253e-03
9.781863773241639137e-04
1.042980002239346504e-03
1.208248664624989033e-03
9.949813829734921455e-04
1.116324681788682938e-03
1.491241971962153912e-03
1.220546895638108253e-03
1.425841590389609337e-03
1.279426855035126209e-03
9.250015718862414360e-04
1.232662238180637360e-03
1.220546895638108253e-03
1.220546895638108253e-03
1.279426855035126209e-03
1.027353224344551563e-03
8.868280565366148949e-04
1.102237496525049210e-03
1.208248664624989033e-03
1.027353224344551563e-03
1.406307914294302464e-03
7.540549850091338158e-04
9.949813829734921455e-04
1.116324681788682938e-03
1.027353224344551563e-03
1.454411074519157410e-03
1.365968957543373108e-03
9.250015718862414360e-04
1.425841590389609337e-03
1.011361717246472836e-03
1.195759861730039120e-03
8.667823858559131622e-04
1.116324681788682938e-03
1.087874989025294781e-03
1.027353224344551563e-03
9.250015718862414360e-04
9.781863773241639137e-04
6.720901583321392536e-04
9.609472472220659256e-04
1.130150048993527889e-03
1.130150048993527889e-03
7.785881171002984047e-04
1.042980002239346504e-03
1.087874989025294781e-03
9.781863773241639137e-04
1.027353224344551563e-03
1.334499684162437916e-03
1.376220374368131161e-03
1.220546895638108253e-03
7.282618316821753979e-04
8.020136156119406223e-04
9.781863773241639137e-04
1.027353224344551563e-03
1.130150048993527889e-03
1.130150048993527889e-03
1.290724729187786579e-03
1.042980002239346504e-03
8.020136156119406223e-04
1.365968957543373108e-03
9.250015718862414360e-04
6.411600625142455101e-04
4.859085311181843281e-04
9.609472472220659256e-04
1.027353224344551563e-03
7.785881171002984047e-04
8.020136156119406223e-04
7.282618316821753979e-04
9.949813829734921455e-04
9.949813829734921455e-04
9.250015718862414360e-04
9.250015718862414360e-04
1.244601327925920486e-03
1.102237496525049210e-03
1.073222490958869457e-03
4.330908413976430893e-04
1.157065038569271564e-03
9.949813829734921455e-04
1.011361717246472836e-03
8.868280565366148949e-04
7.282618316821753979e-04
1.087874989025294781e-03
1.256370800547301769e-03
1.058263238519430161e-03
1.102237496525049210e-03
6.411600625142455101e-04
1.042980002239346504e-03
1.220546895638108253e-03
9.949813829734921455e-04
1.183071872219443321e-03
9.609472472220659256e-04
1.232662238180637360e-03
9.432313963770866394e-04
1.011361717246472836e-03
1.244601327925920486e-03
7.010201225057244301e-04
7.785881171002984047e-04
1.042980002239346504e-03
1.102237496525049210e-03
9.062165045179426670e-04
1.011361717246472836e-03
1.157065038569271564e-03
1.232662238180637360e-03
1.232662238180637360e-03
9.781863773241639137e-04
8.020136156119406223e-04
1.042980002239346504e-03
1.073222490958869457e-03
9.250015718862414360e-04
1.042980002239346504e-03
1.232662238180637360e-03
1.220546895638108253e-03
1.116324681788682938e-03
1.116324681788682938e-03
7.785881171002984047e-04
9.949813829734921455e-04
9.432313963770866394e-04
9.062165045179426670e-04
1.195759861730039120e-03
1.058263238519430161e-03
8.868280565366148949e-04
1.130150048993527889e-03
1.170176663435995579e-03
6.078124861232936382e-04
9.062165045179426670e-04
1.157065038569271564e-03
1.208248664624989033e-03
1.130150048993527889e-03
8.244551136158406734e-04
1.116324681788682938e-03
1.130150048993527889e-03
8.460159297101199627e-04
1.256370800547301769e-03
9.250015718862414360e-04
1.170176663435995579e-03
9.609472472220659256e-04
8.020136156119406223e-04
1.232662238180637360e-03
1.195759861730039120e-03
1.170176663435995579e-03
1.042980002239346504e-03
8.020136156119406223e-04
1.011361717246472836e-03
1.208248664624989033e-03
6.720901583321392536e-04
6.720901583321392536e-04
1.157065038569271564e-03
1.073222490958869457e-03
1.157065038569271564e-03
5.714669241569936275e-04
1.170176663435995579e-03
8.020136156119406223e-04
9.949813829734921455e-04
9.432313963770866394e-04
1.073222490958869457e-03
1.157065038569271564e-03
1.183071872219443321e-03
9.609472472220659256e-04
8.868280565366148949e-04
8.020136156119406223e-04
7.540549850091338158e-04
9.432313963770866394e-04
9.781863773241639137e-04
1.011361717246472836e-03
8.020136156119406223e-04
1.130150048993527889e-03
8.667823858559131622e-04
1.183071872219443321e-03
1.058263238519430161e-03
7.010201225057244301e-04
7.282618316821753979e-04
7.282618316821753979e-04
6.411600625142455101e-04
9.949813829734921455e-04
7.785881171002984047e-04
6.078124861232936382e-04
1.058263238519430161e-03
8.244551136158406734e-04
9.062165045179426670e-04
1.058263238519430161e-03
6.720901583321392536e-04
7.785881171002984047e-04
8.244551136158406734e-04
5.714669241569936275e-04
7.282618316821753979e-04
1.195759861730039120e-03
7.010201225057244301e-04
8.244551136158406734e-04
1.183071872219443321e-03
8.244551136158406734e-04
9.432313963770866394e-04
1.143726287409663200e-03
7.785881171002984047e-04
6.720901583321392536e-04
1.011361717246472836e-03
9.949813829734921455e-04
9.781863773241639137e-04
1.058263238519430161e-03
6.078124861232936382e-04
8.667823858559131622e-04
1.027353224344551563e-03
8.868280565366148949e-04
7.010201225057244301e-04
7.540549850091338158e-04
1.058263238519430161e-03
8.460159297101199627e-04
9.781863773241639137e-04
9.250015718862414360e-04
8.020136156119406223e-04
1.208248664624989033e-03
9.781863773241639137e-04
1.027353224344551563e-03
7.785881171002984047e-04
9.062165045179426670e-04
6.078124861232936382e-04
9.250015718862414360e-04
7.785881171002984047e-04
8.667823858559131622e-04
8.244551136158406734e-04
1.170176663435995579e-03
8.667823858559131622e-04
1.183071872219443321e-03
8.667823858559131622e-04
1.058263238519430161e-03
1.073222490958869457e-03
7.785881171002984047e-04
9.949813829734921455e-04
6.078124861232936382e-04
4.330908413976430893e-04
8.020136156119406223e-04
7.010201225057244301e-04
9.250015718862414360e-04
7.785881171002984047e-04
6.078124861232936382e-04
6.411600625142455101e-04
9.609472472220659256e-04
9.432313963770866394e-04
9.609472472220659256e-04
8.244551136158406734e-04
1.042980002239346504e-03
8.868280565366148949e-04
8.244551136158406734e-04
1.058263238519430161e-03
1.102237496525049210e-03
1.058263238519430161e-03
9.781863773241639137e-04
1.027353224344551563e-03
9.250015718862414360e-04
7.540549850091338158e-04
8.667823858559131622e-04
9.062165045179426670e-04
7.540549850091338158e-04
9.062165045179426670e-04
8.244551136158406734e-04
9.609472472220659256e-04
1.087874989025294781e-03
8.244551136158406734e-04
7.282618316821753979e-04
6.411600625142455101e-04
1.073222490958869457e-03
8.244551136158406734e-04
1.027353224344551563e-03
8.460159297101199627e-04
8.868280565366148949e-04
1.058263238519430161e-03
5.714669241569936275e-04
7.010201225057244301e-04
6.078124861232936382e-04
7.785881171002984047e-04
1.143726287409663200e-03
1.011361717246472836e-03
9.949813829734921455e-04
8.244551136158406734e-04
9.781863773241639137e-04
8.244551136158406734e-04
7.540549850091338158e-04
8.020136156119406223e-04
1.058263238519430161e-03
1.087874989025294781e-03
5.714669241569936275e-04
1.058263238519430161e-03
7.785881171002984047e-04
1.042980002239346504e-03
9.250015718862414360e-04
9.781863773241639137e-04
8.244551136158406734e-04
8.244551136158406734e-04
8.667823858559131622e-04
9.250015718862414360e-04
8.667823858559131622e-04
1.116324681788682938e-03
5.312740104272961617e-04
6.720901583321392536e-04
9.609472472220659256e-04
7.282618316821753979e-04
8.244551136158406734e-04
1.073222490958869457e-03
1.102237496525049210e-03
1.042980002239346504e-03
6.078124861232936382e-04
7.540549850091338158e-04
9.432313963770866394e-04
7.010201225057244301e-04
1.073222490958869457e-03
8.020136156119406223e-04
8.460159297101199627e-04
6.411600625142455101e-04
9.432313963770866394e-04
5.714669241569936275e-04
6.078124861232936382e-04
8.460159297101199627e-04
6.078124861232936382e-04
8.244551136158406734e-04
9.062165045179426670e-04
8.020136156119406223e-04
1.116324681788682938e-03
1.027353224344551563e-03
7.010201225057244301e-04
5.312740104272961617e-04
9.949813829734921455e-04
5.714669241569936275e-04
7.282618316821753979e-04
6.411600625142455101e-04
7.540549850091338158e-04
6.411600625142455101e-04
6.411600625142455101e-04
9.432313963770866394e-04
9.250015718862414360e-04
4.859085311181843281e-04
8.020136156119406223e-04
7.010201225057244301e-04
7.010201225057244301e-04
6.078124861232936382e-04
8.667823858559131622e-04
4.330908413976430893e-04
9.062165045179426670e-04
9.781863773241639137e-04
6.411600625142455101e-04
8.020136156119406223e-04
7.282618316821753979e-04
9.250015718862414360e-04
5.714669241569936275e-04
7.785881171002984047e-04
9.949813829734921455e-04
9.432313963770866394e-04
4.859085311181843281e-04
7.785881171002984047e-04
8.667823858559131622e-04
7.785881171002984047e-04
8.244551136158406734e-04
7.785881171002984047e-04
7.540549850091338158e-04
7.540549850091338158e-04
6.411600625142455101e-04
7.785881171002984047e-04
6.720901583321392536e-04
7.010201225057244301e-04
7.282618316821753979e-04
9.062165045179426670e-04
8.460159297101199627e-04
1.027353224344551563e-03
7.010201225057244301e-04
9.062165045179426670e-04
7.785881171002984047e-04
6.720901583321392536e-04
8.020136156119406223e-04
9.062165045179426670e-04
8.460159297101199627e-04
7.540549850091338158e-04
8.667823858559131622e-04
8.868280565366148949e-04
8.868280565366148949e-04
9.949813829734921455e-04
9.781863773241639137e-04
8.460159297101199627e-04
7.785881171002984047e-04
7.540549850091338158e-04
4.330908413976430893e-04
8.244551136158406734e-04
9.250015718862414360e-04
8.020136156119406223e-04
7.282618316821753979e-04
5.312740104272961617e-04
1.042980002239346504e-03
9.609472472220659256e-04
9.609472472220659256e-04
7.785881171002984047e-04
2.790811122395098209e-04
6.720901583321392536e-04
5.312740104272961617e-04
7.785881171002984047e-04
9.062165045179426670e-04
9.250015718862414360e-04
1.011361717246472836e-03
6.720901583321392536e-04
4.859085311181843281e-04
9.250015718862414360e-04
5.714669241569936275e-04
7.785881171002984047e-04
6.078124861232936382e-04
1.027353224344551563e-03
8.667823858559131622e-04
6.411600625142455101e-04
8.868280565366148949e-04
5.312740104272961617e-04
8.020136156119406223e-04
7.282618316821753979e-04
8.667823858559131622e-04
9.250015718862414360e-04
7.785881171002984047e-04
6.078124861232936382e-04
8.244551136158406734e-04
9.432313963770866394e-04
9.432313963770866394e-04
6.078124861232936382e-04
8.244551136158406734e-04
7.785881171002984047e-04
9.949813829734921455e-04
8.020136156119406223e-04
9.250015718862414360e-04
7.785881171002984047e-04
8.244551136158406734e-04
7.282618316821753979e-04
6.720901583321392536e-04
7.010201225057244301e-04
7.540549850091338158e-04
6.411600625142455101e-04
9.432313963770866394e-04
6.411600625142455101e-04
1.011361717246472836e-03
8.244551136158406734e-04
1.011361717246472836e-03
8.460159297101199627e-04
7.282618316821753979e-04
8.460159297101199627e-04
8.244551136158406734e-04
5.714669241569936275e-04
6.411600625142455101e-04
1.011361717246472836e-03
8.020136156119406223e-04
9.250015718862414360e-04
8.667823858559131622e-04
5.714669241569936275e-04
9.949813829734921455e-04
7.540549850091338158e-04
9.250015718862414360e-04
7.540549850091338158e-04
6.078124861232936382e-04
9.949813829734921455e-04
6.078124861232936382e-04
1.027353224344551563e-03
1.027353224344551563e-03
9.062165045179426670e-04
6.078124861232936382e-04
6.078124861232936382e-04
7.785881171002984047e-04
4.859085311181843281e-04
5.714669241569936275e-04
7.540549850091338158e-04
9.432313963770866394e-04
7.540549850091338158e-04
6.078124861232936382e-04
9.432313963770866394e-04
8.868280565366148949e-04
7.540549850091338158e-04
8.020136156119406223e-04
6.078124861232936382e-04
8.244551136158406734e-04
7.540549850091338158e-04
8.020136156119406223e-04
6.078124861232936382e-04
6.411600625142455101e-04
6.720901583321392536e-04
7.010201225057244301e-04
1.724900777766436022e-10
7.282618316821753979e-04
5.312740104272961617e-04
9.062165045179426670e-04
6.411600625142455101e-04
8.667823858559131622e-04
8.020136156119406223e-04
6.720901583321392536e-04
6.720901583321392536e-04
9.949813829734921455e-04
7.540549850091338158e-04
9.609472472220659256e-04
9.062165045179426670e-04
8.667823858559131622e-04
8.667823858559131622e-04
9.781863773241639137e-04
9.250015718862414360e-04
8.244551136158406734e-04
8.460159297101199627e-04
9.250015718862414360e-04
8.244551136158406734e-04
8.460159297101199627e-04
8.868280565366148949e-04
8.244551136158406734e-04
8.244551136158406734e-04
6.720901583321392536e-04
7.282618316821753979e-04
7.282618316821753979e-04
5.312740104272961617e-04
8.020136156119406223e-04
8.667823858559131622e-04
7.282618316821753979e-04
4.859085311181843281e-04
8.244551136158406734e-04
4.859085311181843281e-04
7.785881171002984047e-04
6.411600625142455101e-04
7.540549850091338158e-04
9.062165045179426670e-04
6.078124861232936382e-04
9.062165045179426670e-04
6.078124861232936382e-04
8.460159297101199627e-04
7.785881171002984047e-04
7.540549850091338158e-04
7.282618316821753979e-04
5.714669241569936275e-04
6.720901583321392536e-04
6.720901583321392536e-04
7.282618316821753979e-04
9.250015718862414360e-04
9.781863773241639137e-04
6.411600625142455101e-04
7.282618316821753979e-04
7.785881171002984047e-04
8.020136156119406223e-04
7.540549850091338158e-04
8.868280565366148949e-04
7.785881171002984047e-04
5.714669241569936275e-04
7.282618316821753979e-04
6.078124861232936382e-04
6.411600625142455101e-04
8.020136156119406223e-04
8.244551136158406734e-04
7.540549850091338158e-04
7.785881171002984047e-04
6.720901583321392536e-04
7.540549850091338158e-04
7.282618316821753979e-04
7.010201225057244301e-04
6.720901583321392536e-04
6.720901583321392536e-04
3.682497481349855661e-04
6.078124861232936382e-04
4.859085311181843281e-04
6.411600625142455101e-04
8.460159297101199627e-04
8.244551136158406734e-04
7.010201225057244301e-04
8.020136156119406223e-04
9.609472472220659256e-04
6.411600625142455101e-04
6.078124861232936382e-04
8.667823858559131622e-04
8.244551136158406734e-04
9.250015718862414360e-04
7.785881171002984047e-04
8.460159297101199627e-04
9.609472472220659256e-04
7.785881171002984047e-04
8.667823858559131622e-04
5.714669241569936275e-04
6.078124861232936382e-04
8.667823858559131622e-04
3.682497481349855661e-04
6.078124861232936382e-04
8.868280565366148949e-04
6.720901583321392536e-04
7.010201225057244301e-04
7.540549850091338158e-04
5.714669241569936275e-04
7.010201225057244301e-04
7.282618316821753979e-04
4.859085311181843281e-04
6.078124861232936382e-04
2.790811122395098209e-04
7.785881171002984047e-04
9.062165045179426670e-04
8.460159297101199627e-04
6.720901583321392536e-04
5.312740104272961617e-04
4.859085311181843281e-04
8.460159297101199627e-04
6.720901583321392536e-04
7.540549850091338158e-04
9.609472472220659256e-04
6.720901583321392536e-04
7.785881171002984047e-04
8.868280565366148949e-04
7.785881171002984047e-04
4.859085311181843281e-04
7.540549850091338158e-04
5.714669241569936275e-04
6.411600625142455101e-04
7.540549850091338158e-04
8.460159297101199627e-04
4.330908413976430893e-04
4.859085311181843281e-04
8.020136156119406223e-04
8.244551136158406734e-04
7.540549850091338158e-04
6.078124861232936382e-04
7.785881171002984047e-04
7.785881171002984047e-04
8.460159297101199627e-04
7.282618316821753979e-04
7.785881171002984047e-04
6.078124861232936382e-04
7.282618316821753979e-04
7.010201225057244301e-04
9.250015718862414360e-04
8.244551136158406734e-04
7.010201225057244301e-04
7.010201225057244301e-04
8.020136156119406223e-04
5.312740104272961617e-04
7.282618316821753979e-04
5.714669241569936275e-04
8.244551136158406734e-04
7.010201225057244301e-04
6.720901583321392536e-04
7.010201225057244301e-04
5.714669241569936275e-04
3.682497481349855661e-04
8.667823858559131622e-04
7.282618316821753979e-04
7.010201225057244301e-04
8.020136156119406223e-04
6.720901583321392536e-04
5.312740104272961617e-04
7.282618316821753979e-04
6.078124861232936382e-04
7.010201225057244301e-04
5.312740104272961617e-04
9.062165045179426670e-04
6.720901583321392536e-04
7.282618316821753979e-04
6.078124861232936382e-04
6.720901583321392536e-04
7.282618316821753979e-04
6.078124861232936382e-04
8.020136156119406223e-04
7.540549850091338158e-04
7.010201225057244301e-04
6.078124861232936382e-04
7.785881171002984047e-04
7.010201225057244301e-04
8.244551136158406734e-04
8.868280565366148949e-04
6.078124861232936382e-04
7.282618316821753979e-04
6.078124861232936382e-04
6.720901583321392536e-04
6.411600625142455101e-04
6.720901583321392536e-04
6.078124861232936382e-04
8.460159297101199627e-04
7.785881171002984047e-04
7.540549850091338158e-04
4.330908413976430893e-04
8.244551136158406734e-04
6.411600625142455101e-04
4.859085311181843281e-04
8.020136156119406223e-04
6.411600625142455101e-04
7.540549850091338158e-04
7.785881171002984047e-04
8.868280565366148949e-04
4.330908413976430893e-04
8.020136156119406223e-04
8.460159297101199627e-04
5.714669241569936275e-04
4.859085311181843281e-04
6.720901583321392536e-04
7.282618316821753979e-04
8.667823858559131622e-04
8.020136156119406223e-04
8.460159297101199627e-04
8.244551136158406734e-04
4.330908413976430893e-04
8.020136156119406223e-04
4.859085311181843281e-04
6.078124861232936382e-04
7.010201225057244301e-04
8.020136156119406223e-04
4.330908413976430893e-04
6.720901583321392536e-04
6.720901583321392536e-04
8.868280565366148949e-04
6.411600625142455101e-04
6.720901583321392536e-04
8.667823858559131622e-04
6.720901583321392536e-04
6.411600625142455101e-04
7.540549850091338158e-04
8.667823858559131622e-04
4.859085311181843281e-04
8.020136156119406223e-04
6.720901583321392536e-04
5.312740104272961617e-04
6.411600625142455101e-04
5.714669241569936275e-04
7.540549850091338158e-04
7.785881171002984047e-04
7.540549850091338158e-04
5.312740104272961617e-04
8.868280565366148949e-04
7.010201225057244301e-04
7.282618316821753979e-04
6.078124861232936382e-04
7.785881171002984047e-04
6.411600625142455101e-04
8.244551136158406734e-04
7.785881171002984047e-04
8.244551136158406734e-04
5.312740104272961617e-04
7.010201225057244301e-04
7.540549850091338158e-04
4.859085311181843281e-04
6.720901583321392536e-04
7.785881171002984047e-04
7.540549850091338158e-04
6.078124861232936382e-04
7.282618316821753979e-04
8.460159297101199627e-04
6.720901583321392536e-04
6.411600625142455101e-04
7.010201225057244301e-04
8.244551136158406734e-04
4.330908413976430893e-04
6.720901583321392536e-04
8.244551136158406734e-04
5.714669241569936275e-04
4.859085311181843281e-04
7.540549850091338158e-04
6.411600625142455101e-04
5.312740104272961617e-04
6.078124861232936382e-04
7.010201225057244301e-04
4.330908413976430893e-04
8.020136156119406223e-04
6.411600625142455101e-04
7.010201225057244301e-04
5.312740104272961617e-04
3.682497481349855661e-04
6.078124861232936382e-04
7.010201225057244301e-04
6.411600625142455101e-04
7.010201225057244301e-04
7.785881171002984047e-04
7.540549850091338158e-04
7.540549850091338158e-04
4.330908413976430893e-04
6.411600625142455101e-04
4.859085311181843281e-04
6.411600625142455101e-04
4.859085311181843281e-04
3.682497481349855661e-04
7.785881171002984047e-04
5.312740104272961617e-04
4.859085311181843281e-04
3.682497481349855661e-04
6.411600625142455101e-04
5.312740104272961617e-04
6.720901583321392536e-04
8.020136156119406223e-04
7.282618316821753979e-04
7.282618316821753979e-04
6.078124861232936382e-04
5.312740104272961617e-04
7.785881171002984047e-04
6.411600625142455101e-04
8.020136156119406223e-04
4.330908413976430893e-04
7.010201225057244301e-04
6.411600625142455101e-04
5.714669241569936275e-04
6.720901583321392536e-04
7.785881171002984047e-04
7.010201225057244301e-04
7.540549850091338158e-04
5.312740104272961617e-04
6.720901583321392536e-04
5.714669241569936275e-04
5.714669241569936275e-04
4.859085311181843281e-04
6.720901583321392536e-04
6.078124861232936382e-04
6.078124861232936382e-04
7.540549850091338158e-04
4.859085311181843281e-04
7.282618316821753979e-04
8.020136156119406223e-04
6.411600625142455101e-04
5.714669241569936275e-04
5.312740104272961617e-04
5.714669241569936275e-04
6.720901583321392536e-04
2.790811122395098209e-04
5.312740104272961617e-04
7.785881171002984047e-04
5.714669241569936275e-04
5.714669241569936275e-04
7.540549850091338158e-04
6.720901583321392536e-04
4.330908413976430893e-04
6.411600625142455101e-04
5.714669241569936275e-04
6.720901583321392536e-04
4.859085311181843281e-04
6.720901583321392536e-04
5.714669241569936275e-04
4.859085311181843281e-04
7.010201225057244301e-04
6.411600625142455101e-04
5.714669241569936275e-04
7.010201225057244301e-04
7.540549850091338158e-04
2.790811122395098209e-04
7.785881171002984047e-04
6.720901583321392536e-04
7.010201225057244301e-04
4.330908413976430893e-04
8.020136156119406223e-04
7.282618316821753979e-04
6.411600625142455101e-04
5.714669241569936275e-04
6.720901583321392536e-04
5.312740104272961617e-04
7.010201225057244301e-04
5.714669241569936275e-04
7.282618316821753979e-04
3.682497481349855661e-04
5.714669241569936275e-04
4.330908413976430893e-04
1.724900777766436022e-10
7.540549850091338158e-04
5.312740104272961617e-04
6.078124861232936382e-04
5.312740104272961617e-04
6.720901583321392536e-04
7.010201225057244301e-04
6.720901583321392536e-04
6.078124861232936382e-04
3.682497481349855661e-04
6.078124861232936382e-04
4.330908413976430893e-04
6.720901583321392536e-04
4.859085311181843281e-04
6.411600625142455101e-04
2.790811122395098209e-04
4.859085311181843281e-04
4.859085311181843281e-04
4.859085311181843281e-04
4.330908413976430893e-04
4.859085311181843281e-04
6.411600625142455101e-04
6.078124861232936382e-04
5.312740104272961617e-04
6.078124861232936382e-04
5.312740104272961617e-04
2.790811122395098209e-04
4.859085311181843281e-04
6.720901583321392536e-04
4.859085311181843281e-04
7.010201225057244301e-04
1.724900777766436022e-10
5.714669241569936275e-04
6.078124861232936382e-04
5.312740104272961617e-04
5.714669241569936275e-04
5.312740104272961617e-04
4.330908413976430893e-04
5.714669241569936275e-04
7.010201225057244301e-04
6.078124861232936382e-04
7.282618316821753979e-04
7.540549850091338158e-04
7.010201225057244301e-04
6.078124861232936382e-04
6.411600625142455101e-04
5.714669241569936275e-04
4.330908413976430893e-04
1.724900777766436022e-10
5.714669241569936275e-04
5.312740104272961617e-04
6.411600625142455101e-04
4.330908413976430893e-04
5.312740104272961617e-04
7.010201225057244301e-04
5.714669241569936275e-04
6.720901583321392536e-04
5.312740104272961617e-04
5.714669241569936275e-04
5.312740104272961617e-04
5.714669241569936275e-04
7.010201225057244301e-04
4.859085311181843281e-04
5.312740104272961617e-04
4.330908413976430893e-04
6.411600625142455101e-04
6.078124861232936382e-04
5.312740104272961617e-04
6.078124861232936382e-04
5.714669241569936275e-04
6.411600625142455101e-04
5.312740104272961617e-04
6.720901583321392536e-04
7.282618316821753979e-04
6.411600625142455101e-04
5.312740104272961617e-04
5.312740104272961617e-04
6.720901583321392536e-04
3.682497481349855661e-04
3.682497481349855661e-04
7.010201225057244301e-04
5.312740104272961617e-04
6.078124861232936382e-04
4.330908413976430893e-04
6.720901583321392536e-04
4.330908413976430893e-04
5.312740104272961617e-04
3.682497481349855661e-04
6.720901583321392536e-04
6.078124861232936382e-04
6.078124861232936382e-04
6.411600625142455101e-04
6.720901583321392536e-04
6.078124861232936382e-04
6.078124861232936382e-04
4.859085311181843281e-04
5.312740104272961617e-04
6.078124861232936382e-04
5.714669241569936275e-04
6.078124861232936382e-04
4.330908413976430893e-04
4.859085311181843281e-04
2.790811122395098209e-04
5.714669241569936275e-04
4.330908413976430893e-04
5.312740104272961617e-04
6.720901583321392536e-04
6.411600625142455101e-04
2.790811122395098209e-04
6.720901583321392536e-04
4.859085311181843281e-04
4.859085311181843281e-04
3.682497481349855661e-04
6.411600625142455101e-04
3.682497481349855661e-04
2.790811122395098209e-04
3.682497481349855661e-04
5.312740104272961617e-04
6.078124861232936382e-04
5.714669241569936275e-04
5.714669241569936275e-04
6.078124861232936382e-04
6.078124861232936382e-04
6.411600625142455101e-04
6.720901583321392536e-04
4.330908413976430893e-04
5.714669241569936275e-04
6.720901583321392536e-04
4.859085311181843281e-04
4.859085311181843281e-04
2.790811122395098209e-04
5.312740104272961617e-04
6.411600625142455101e-04
6.720901583321392536e-04
5.312740104272961617e-04
4.330908413976430893e-04
6.078124861232936382e-04
5.312740104272961617e-04
6.411600625142455101e-04
5.312740104272961617e-04
5.312740104272961617e-04
6.078124861232936382e-04
5.714669241569936275e-04
5.714669241569936275e-04
6.720901583321392536e-04
4.330908413976430893e-04
6.078124861232936382e-04
6.411600625142455101e-04
4.330908413976430893e-04
5.714669241569936275e-04
5.312740104272961617e-04
4.859085311181843281e-04
6.078124861232936382e-04
6.720901583321392536e-04
4.330908413976430893e-04
5.714669241569936275e-04
6.078124861232936382e-04
4.330908413976430893e-04
5.312740104272961617e-04
5.312740104272961617e-04
6.720901583321392536e-04
6.411600625142455101e-04
5.312740104272961617e-04
5.714669241569936275e-04
2.790811122395098209e-04
3.682497481349855661e-04
5.714669241569936275e-04
5.714669241569936275e-04
4.859085311181843281e-04
5.714669241569936275e-04
2.790811122395098209e-04
3.682497481349855661e-04
3.682497481349855661e-04
6.411600625142455101e-04
5.312740104272961617e-04
4.859085311181843281e-04
4.330908413976430893e-04
4.859085311181843281e-04
4.330908413976430893e-04
4.330908413976430893e-04
5.312740104272961617e-04
4.859085311181843281e-04
4.859085311181843281e-04
5.312740104272961617e-04
5.714669241569936275e-04
5.312740104272961617e-04
4.859085311181843281e-04
6.411600625142455101e-04
3.682497481349855661e-04
2.790811122395098209e-04
5.312740104272961617e-04
3.682497481349855661e-04
5.714669241569936275e-04
5.714669241569936275e-04
4.859085311181843281e-04
5.312740104272961617e-04
3.682497481349855661e-04
3.682497481349855661e-04
4.330908413976430893e-04
4.859085311181843281e-04
4.330908413976430893e-04
4.859085311181843281e-04
5.312740104272961617e-04
3.682497481349855661e-04
5.714669241569936275e-04
4.859085311181843281e-04
5.714669241569936275e-04
5.714669241569936275e-04
3.682497481349855661e-04
5.714669241569936275e-04
5.714669241569936275e-04
4.330908413976430893e-04
4.859085311181843281e-04
2.790811122395098209e-04
4.330908413976430893e-04
2.790811122395098209e-04
3.682497481349855661e-04
4.330908413976430893e-04
4.330908413976430893e-04
5.312740104272961617e-04
4.859085311181843281e-04
5.312740104272961617e-04
4.330908413976430893e-04
4.330908413976430893e-04
3.682497481349855661e-04
4.859085311181843281e-04
4.859085311181843281e-04
4.859085311181843281e-04
4.330908413976430893e-04
3.682497481349855661e-04
3.682497481349855661e-04
4.859085311181843281e-04
2.790811122395098209e-04
4.330908413976430893e-04
4.330908413976430893e-04
3.682497481349855661e-04
3.682497481349855661e-04
4.859085311181843281e-04
5.312740104272961617e-04
4.330908413976430893e-04
4.859085311181843281e-04
3.682497481349855661e-04
4.330908413976430893e-04
4.330908413976430893e-04
4.330908413976430893e-04
4.330908413976430893e-04
3.682497481349855661e-04
2.790811122395098209e-04
1.724900777766436022e-10
4.859085311181843281e-04
2.790811122395098209e-04
5.312740104272961617e-04
4.330908413976430893e-04
2.790811122395098209e-04
3.682497481349855661e-04
4.330908413976430893e-04
2.790811122395098209e-04
3.682497481349855661e-04
4.330908413976430893e-04
4.859085311181843281e-04
