2.360815368592739105e-02
2.204315178096294403e-02
2.364144846796989441e-02
2.856952510774135590e-02
2.394112758338451385e-02
2.047815546393394470e-02
2.410762012004852295e-02
2.161028049886226654e-02
1.897975429892539978e-02
2.157698571681976318e-02
1.701517961919307709e-02
6.093500647693872452e-03
1.568327471613883972e-02
1.531699206680059433e-02
1.651571877300739288e-02
6.692860741168260574e-03
1.451784651726484299e-02
4.128929693251848221e-03
9.389982558786869049e-03
4.561800044029951096e-03
3.962440416216850281e-03
1.698188949376344681e-03
3.363079857081174850e-03
2.497335663065314293e-03
3.662759205326437950e-03
1.997868530452251434e-03
3.229888388887047768e-03
1.598294824361801147e-03
2.830314915627241135e-03
2.197655383497476578e-03
1.698188949376344681e-03
4.195525310933589935e-03
2.031166804954409599e-03
2.563931979238986969e-03
2.131060697138309479e-03
1.897975918836891651e-03
3.762652631849050522e-03
4.029035102576017380e-03
2.996802795678377151e-03
1.931273611262440681e-03
1.698188949376344681e-03
4.628395661711692810e-03
4.994671326130628586e-04
1.964570721611380577e-03
2.497335663065314293e-03
2.230953657999634743e-03
2.197655383497476578e-03
1.864677760750055313e-03
1.897975918836891651e-03
5.660629831254482269e-04
2.763718832284212112e-03
9.989342652261257172e-04
2.530634403228759766e-03
1.465103588998317719e-03
1.897975918836891651e-03
1.698188949376344681e-03
9.656368056312203407e-04
2.330847317352890968e-03
2.397442236542701721e-03
1.032232423312962055e-03
2.530634403228759766e-03
1.431806129403412342e-03
1.365210628136992455e-03
2.064464846625924110e-03
2.364144660532474518e-03
1.564997131936252117e-03
2.464038087055087090e-03
1.265317201614379883e-03
2.797016641125082970e-03
1.531699905171990395e-03
2.297548810020089149e-03
1.897975918836891651e-03
2.064464846625924110e-03
6.992541602812707424e-04
1.531699905171990395e-03
1.897975918836891651e-03
1.964570721611380577e-03
1.897975918836891651e-03
1.132125966250896454e-03
1.498401397839188576e-03
7.991474121809005737e-04
1.664890442043542862e-03
1.798081677407026291e-03
1.731486292555928230e-03
1.465103588998317719e-03
8.990408387035131454e-04
1.564997131936252117e-03
1.731486292555928230e-03
2.663824707269668579e-03
1.631592749617993832e-03
1.798081677407026291e-03
5.660629831254482269e-04
1.365210628136992455e-03
2.097762655466794968e-03
1.032232423312962055e-03
1.165423658676445484e-03
6.326586008071899414e-04
1.298614661209285259e-03
1.398508320562541485e-03
1.764784101396799088e-03
2.264251932501792908e-03
1.165423658676445484e-03
1.165423658676445484e-03
2.996804250869899988e-04
1.165423658676445484e-03
1.465103588998317719e-03
1.731486292555928230e-03
1.631592749617993832e-03
3.662758972495794296e-04
1.598294824361801147e-03
1.465103588998317719e-03
1.165423658676445484e-03
1.897975918836891651e-03
1.331912353634834290e-03
7.658499525859951973e-04
8.990408387035131454e-04
1.298614661209285259e-03
7.991474121809005737e-04
1.065530348569154739e-03
2.197655383497476578e-03
1.331912353634834290e-03
1.964570721611380577e-03
1.498401397839188576e-03
6.659561768174171448e-04
1.365210628136992455e-03
1.331912353634834290e-03
1.331912353634834290e-03
1.498401397839188576e-03
8.657431462779641151e-04
5.993605591356754303e-04
1.032232423312962055e-03
1.298614661209285259e-03
8.657431462779641151e-04
1.897975918836891651e-03
3.995737060904502869e-04
7.991474121809005737e-04
1.065530348569154739e-03
8.657431462779641151e-04
2.064464846625924110e-03
1.764784101396799088e-03
6.659561768174171448e-04
1.964570721611380577e-03
8.324452210217714310e-04
1.265317201614379883e-03
5.660629831254482269e-04
1.065530348569154739e-03
9.989342652261257172e-04
8.657431462779641151e-04
6.659561768174171448e-04
7.658499525859951973e-04
2.996804250869899988e-04
7.325517944991588593e-04
1.098827691748738289e-03
1.098827691748738289e-03
4.328715731389820576e-04
8.990408387035131454e-04
9.989342652261257172e-04
7.658499525859951973e-04
8.657431462779641151e-04
1.664890442043542862e-03
1.798081677407026291e-03
1.331912353634834290e-03
3.662758972495794296e-04
4.661694401875138283e-04
7.658499525859951973e-04
8.657431462779641151e-04
1.098827691748738289e-03
1.098827691748738289e-03
1.531699905171990395e-03
8.990408387035131454e-04
4.661694401875138283e-04
1.764784101396799088e-03
6.659561768174171448e-04
2.663824707269668579e-04
1.331912935711443424e-04
7.325517944991588593e-04
8.657431462779641151e-04
4.328715731389820576e-04
4.661694401875138283e-04
3.662758972495794296e-04
7.991474121809005737e-04
7.991474121809005737e-04
6.659561768174171448e-04
6.659561768174171448e-04
1.398508320562541485e-03
1.032232423312962055e-03
9.656368056312203407e-04
9.989342652261257172e-05
1.165423658676445484e-03
7.991474121809005737e-04
8.324452210217714310e-04
5.993605591356754303e-04
3.662758972495794296e-04
9.989342652261257172e-04
1.431806129403412342e-03
9.323388803750276566e-04
1.032232423312962055e-03
2.663824707269668579e-04
8.990408387035131454e-04
1.331912353634834290e-03
7.991474121809005737e-04
1.232019043527543545e-03
7.325517944991588593e-04
1.365210628136992455e-03
6.992541602812707424e-04
8.324452210217714310e-04
1.398508320562541485e-03
3.329780884087085724e-04
4.328715731389820576e-04
8.990408387035131454e-04
1.032232423312962055e-03
6.326586008071899414e-04
8.324452210217714310e-04
1.165423658676445484e-03
1.365210628136992455e-03
1.365210628136992455e-03
7.658499525859951973e-04
4.661694401875138283e-04
8.990408387035131454e-04
9.656368056312203407e-04
6.659561768174171448e-04
8.990408387035131454e-04
1.365210628136992455e-03
1.331912353634834290e-03
1.065530348569154739e-03
1.065530348569154739e-03
4.328715731389820576e-04
7.991474121809005737e-04
6.992541602812707424e-04
6.326586008071899414e-04
1.265317201614379883e-03
9.323388803750276566e-04
5.993605591356754303e-04
1.098827691748738289e-03
1.198721118271350861e-03
2.330846036784350872e-04
6.326586008071899414e-04
1.165423658676445484e-03
1.298614661209285259e-03
1.098827691748738289e-03
4.994671326130628586e-04
1.065530348569154739e-03
1.098827691748738289e-03
5.327651742845773697e-04
1.431806129403412342e-03
6.659561768174171448e-04
1.198721118271350861e-03
7.325517944991588593e-04
4.661694401875138283e-04
1.365210628136992455e-03
1.265317201614379883e-03
1.198721118271350861e-03
8.990408387035131454e-04
4.661694401875138283e-04
8.324452210217714310e-04
1.298614661209285259e-03
2.996804250869899988e-04
2.996804250869899988e-04
1.165423658676445484e-03
9.656368056312203407e-04
1.165423658676445484e-03
1.997869403567165136e-04
1.198721118271350861e-03
4.661694401875138283e-04
7.991474121809005737e-04
6.992541602812707424e-04
9.656368056312203407e-04
1.165423658676445484e-03
1.232019043527543545e-03
7.325517944991588593e-04
5.993605591356754303e-04
4.661694401875138283e-04
3.995737060904502869e-04
6.992541602812707424e-04
7.658499525859951973e-04
8.324452210217714310e-04
4.661694401875138283e-04
1.098827691748738289e-03
5.660629831254482269e-04
1.232019043527543545e-03
9.323388803750276566e-04
3.329780884087085724e-04
3.662758972495794296e-04
3.662758972495794296e-04
2.663824707269668579e-04
7.991474121809005737e-04
4.328715731389820576e-04
2.330846036784350872e-04
9.323388803750276566e-04
4.994671326130628586e-04
6.326586008071899414e-04
9.323388803750276566e-04
2.996804250869899988e-04
4.328715731389820576e-04
4.994671326130628586e-04
1.997869403567165136e-04
3.662758972495794296e-04
1.265317201614379883e-03
3.329780884087085724e-04
4.994671326130628586e-04
1.232019043527543545e-03
4.994671326130628586e-04
6.992541602812707424e-04
1.132125966250896454e-03
4.328715731389820576e-04
2.996804250869899988e-04
8.324452210217714310e-04
7.991474121809005737e-04
7.658499525859951973e-04
9.323388803750276566e-04
2.330846036784350872e-04
5.660629831254482269e-04
8.657431462779641151e-04
5.993605591356754303e-04
3.329780884087085724e-04
3.995737060904502869e-04
9.323388803750276566e-04
5.327651742845773697e-04
7.658499525859951973e-04
6.659561768174171448e-04
4.661694401875138283e-04
1.298614661209285259e-03
7.658499525859951973e-04
8.657431462779641151e-04
4.328715731389820576e-04
6.326586008071899414e-04
2.330846036784350872e-04
6.659561768174171448e-04
4.328715731389820576e-04
5.660629831254482269e-04
4.994671326130628586e-04
1.198721118271350861e-03
5.660629831254482269e-04
1.232019043527543545e-03
5.660629831254482269e-04
9.323388803750276566e-04
9.656368056312203407e-04
4.328715731389820576e-04
7.991474121809005737e-04
2.330846036784350872e-04
9.989342652261257172e-05
4.661694401875138283e-04
3.329780884087085724e-04
6.659561768174171448e-04
4.328715731389820576e-04
2.330846036784350872e-04
2.663824707269668579e-04
7.325517944991588593e-04
6.992541602812707424e-04
7.325517944991588593e-04
4.994671326130628586e-04
8.990408387035131454e-04
5.993605591356754303e-04
4.994671326130628586e-04
9.323388803750276566e-04
1.032232423312962055e-03
9.323388803750276566e-04
7.658499525859951973e-04
8.657431462779641151e-04
6.659561768174171448e-04
3.995737060904502869e-04
5.660629831254482269e-04
6.326586008071899414e-04
3.995737060904502869e-04
6.326586008071899414e-04
4.994671326130628586e-04
7.325517944991588593e-04
9.989342652261257172e-04
4.994671326130628586e-04
3.662758972495794296e-04
2.663824707269668579e-04
9.656368056312203407e-04
4.994671326130628586e-04
8.657431462779641151e-04
5.327651742845773697e-04
5.993605591356754303e-04
9.323388803750276566e-04
1.997869403567165136e-04
3.329780884087085724e-04
2.330846036784350872e-04
4.328715731389820576e-04
1.132125966250896454e-03
8.324452210217714310e-04
7.991474121809005737e-04
4.994671326130628586e-04
7.658499525859951973e-04
4.994671326130628586e-04
3.995737060904502869e-04
4.661694401875138283e-04
9.323388803750276566e-04
9.989342652261257172e-04
1.997869403567165136e-04
9.323388803750276566e-04
4.328715731389820576e-04
8.990408387035131454e-04
6.659561768174171448e-04
7.658499525859951973e-04
4.994671326130628586e-04
4.994671326130628586e-04
5.660629831254482269e-04
6.659561768174171448e-04
5.660629831254482269e-04
1.065530348569154739e-03
1.664891169639304280e-04
2.996804250869899988e-04
7.325517944991588593e-04
3.662758972495794296e-04
4.994671326130628586e-04
9.656368056312203407e-04
1.032232423312962055e-03
8.990408387035131454e-04
2.330846036784350872e-04
3.995737060904502869e-04
6.992541602812707424e-04
3.329780884087085724e-04
9.656368056312203407e-04
4.661694401875138283e-04
5.327651742845773697e-04
2.663824707269668579e-04
6.992541602812707424e-04
1.997869403567165136e-04
2.330846036784350872e-04
5.327651742845773697e-04
2.330846036784350872e-04
4.994671326130628586e-04
6.326586008071899414e-04
4.661694401875138283e-04
1.065530348569154739e-03
8.657431462779641151e-04
3.329780884087085724e-04
1.664891169639304280e-04
7.991474121809005737e-04
1.997869403567165136e-04
3.662758972495794296e-04
2.663824707269668579e-04
3.995737060904502869e-04
2.663824707269668579e-04
2.663824707269668579e-04
6.992541602812707424e-04
6.659561768174171448e-04
1.331912935711443424e-04
4.661694401875138283e-04
3.329780884087085724e-04
3.329780884087085724e-04
2.330846036784350872e-04
5.660629831254482269e-04
9.989342652261257172e-05
6.326586008071899414e-04
7.658499525859951973e-04
2.663824707269668579e-04
4.661694401875138283e-04
3.662758972495794296e-04
6.659561768174171448e-04
1.997869403567165136e-04
4.328715731389820576e-04
7.991474121809005737e-04
6.992541602812707424e-04
1.331912935711443424e-04
4.328715731389820576e-04
5.660629831254482269e-04
4.328715731389820576e-04
4.994671326130628586e-04
4.328715731389820576e-04
3.995737060904502869e-04
3.995737060904502869e-04
2.663824707269668579e-04
4.328715731389820576e-04
2.996804250869899988e-04
3.329780884087085724e-04
3.662758972495794296e-04
6.326586008071899414e-04
5.327651742845773697e-04
8.657431462779641151e-04
3.329780884087085724e-04
6.326586008071899414e-04
4.328715731389820576e-04
2.996804250869899988e-04
4.661694401875138283e-04
6.326586008071899414e-04
5.327651742845773697e-04
3.995737060904502869e-04
5.660629831254482269e-04
5.993605591356754303e-04
5.993605591356754303e-04
7.991474121809005737e-04
7.658499525859951973e-04
5.327651742845773697e-04
4.328715731389820576e-04
3.995737060904502869e-04
9.989342652261257172e-05
4.994671326130628586e-04
6.659561768174171448e-04
4.661694401875138283e-04
3.662758972495794296e-04
1.664891169639304280e-04
8.990408387035131454e-04
7.325517944991588593e-04
7.325517944991588593e-04
4.328715731389820576e-04
3.329782339278608561e-05
2.996804250869899988e-04
1.664891169639304280e-04
4.328715731389820576e-04
6.326586008071899414e-04
6.659561768174171448e-04
8.324452210217714310e-04
2.996804250869899988e-04
1.331912935711443424e-04
6.659561768174171448e-04
1.997869403567165136e-04
4.328715731389820576e-04
2.330846036784350872e-04
8.657431462779641151e-04
5.660629831254482269e-04
2.663824707269668579e-04
5.993605591356754303e-04
1.664891169639304280e-04
4.661694401875138283e-04
3.662758972495794296e-04
5.660629831254482269e-04
6.659561768174171448e-04
4.328715731389820576e-04
2.330846036784350872e-04
4.994671326130628586e-04
6.992541602812707424e-04
6.992541602812707424e-04
2.330846036784350872e-04
4.994671326130628586e-04
4.328715731389820576e-04
7.991474121809005737e-04
4.661694401875138283e-04
6.659561768174171448e-04
4.328715731389820576e-04
4.994671326130628586e-04
3.662758972495794296e-04
2.996804250869899988e-04
3.329780884087085724e-04
3.995737060904502869e-04
2.663824707269668579e-04
6.992541602812707424e-04
2.663824707269668579e-04
8.324452210217714310e-04
4.994671326130628586e-04
8.324452210217714310e-04
5.327651742845773697e-04
3.662758972495794296e-04
5.327651742845773697e-04
4.994671326130628586e-04
1.997869403567165136e-04
2.663824707269668579e-04
8.324452210217714310e-04
4.661694401875138283e-04
6.659561768174171448e-04
5.660629831254482269e-04
1.997869403567165136e-04
7.991474121809005737e-04
3.995737060904502869e-04
6.659561768174171448e-04
3.995737060904502869e-04
2.330846036784350872e-04
7.991474121809005737e-04
2.330846036784350872e-04
8.657431462779641151e-04
8.657431462779641151e-04
6.326586008071899414e-04
2.330846036784350872e-04
2.330846036784350872e-04
4.328715731389820576e-04
1.331912935711443424e-04
1.997869403567165136e-04
3.995737060904502869e-04
6.992541602812707424e-04
3.995737060904502869e-04
2.330846036784350872e-04
6.992541602812707424e-04
5.993605591356754303e-04
3.995737060904502869e-04
4.661694401875138283e-04
2.330846036784350872e-04
4.994671326130628586e-04
3.995737060904502869e-04
4.661694401875138283e-04
2.330846036784350872e-04
2.663824707269668579e-04
2.996804250869899988e-04
3.329780884087085724e-04
9.999999682655225389e-21
3.662758972495794296e-04
1.664891169639304280e-04
6.326586008071899414e-04
2.663824707269668579e-04
5.660629831254482269e-04
4.661694401875138283e-04
2.996804250869899988e-04
2.996804250869899988e-04
7.991474121809005737e-04
3.995737060904502869e-04
7.325517944991588593e-04
6.326586008071899414e-04
5.660629831254482269e-04
5.660629831254482269e-04
7.658499525859951973e-04
6.659561768174171448e-04
4.994671326130628586e-04
5.327651742845773697e-04
6.659561768174171448e-04
4.994671326130628586e-04
5.327651742845773697e-04
5.993605591356754303e-04
4.994671326130628586e-04
4.994671326130628586e-04
2.996804250869899988e-04
3.662758972495794296e-04
3.662758972495794296e-04
1.664891169639304280e-04
4.661694401875138283e-04
5.660629831254482269e-04
3.662758972495794296e-04
1.331912935711443424e-04
4.994671326130628586e-04
1.331912935711443424e-04
4.328715731389820576e-04
2.663824707269668579e-04
3.995737060904502869e-04
6.326586008071899414e-04
2.330846036784350872e-04
6.326586008071899414e-04
2.330846036784350872e-04
5.327651742845773697e-04
4.328715731389820576e-04
3.995737060904502869e-04
3.662758972495794296e-04
1.997869403567165136e-04
2.996804250869899988e-04
2.996804250869899988e-04
3.662758972495794296e-04
6.659561768174171448e-04
7.658499525859951973e-04
2.663824707269668579e-04
3.662758972495794296e-04
4.328715731389820576e-04
4.661694401875138283e-04
3.995737060904502869e-04
5.993605591356754303e-04
4.328715731389820576e-04
1.997869403567165136e-04
3.662758972495794296e-04
2.330846036784350872e-04
2.663824707269668579e-04
4.661694401875138283e-04
4.994671326130628586e-04
3.995737060904502869e-04
4.328715731389820576e-04
2.996804250869899988e-04
3.995737060904502869e-04
3.662758972495794296e-04
3.329780884087085724e-04
2.996804250869899988e-04
2.996804250869899988e-04
6.659561768174171448e-05
2.330846036784350872e-04
1.331912935711443424e-04
2.663824707269668579e-04
5.327651742845773697e-04
4.994671326130628586e-04
3.329780884087085724e-04
4.661694401875138283e-04
7.325517944991588593e-04
2.663824707269668579e-04
2.330846036784350872e-04
5.660629831254482269e-04
4.994671326130628586e-04
6.659561768174171448e-04
4.328715731389820576e-04
5.327651742845773697e-04
7.325517944991588593e-04
4.328715731389820576e-04
5.660629831254482269e-04
1.997869403567165136e-04
2.330846036784350872e-04
5.660629831254482269e-04
6.659561768174171448e-05
2.330846036784350872e-04
5.993605591356754303e-04
2.996804250869899988e-04
3.329780884087085724e-04
3.995737060904502869e-04
1.997869403567165136e-04
3.329780884087085724e-04
3.662758972495794296e-04
1.331912935711443424e-04
2.330846036784350872e-04
3.329782339278608561e-05
4.328715731389820576e-04
6.326586008071899414e-04
5.327651742845773697e-04
2.996804250869899988e-04
1.664891169639304280e-04
1.331912935711443424e-04
5.327651742845773697e-04
2.996804250869899988e-04
3.995737060904502869e-04
7.325517944991588593e-04
2.996804250869899988e-04
4.328715731389820576e-04
5.993605591356754303e-04
4.328715731389820576e-04
1.331912935711443424e-04
3.995737060904502869e-04
1.997869403567165136e-04
2.663824707269668579e-04
3.995737060904502869e-04
5.327651742845773697e-04
9.989342652261257172e-05
1.331912935711443424e-04
4.661694401875138283e-04
4.994671326130628586e-04
3.995737060904502869e-04
2.330846036784350872e-04
4.328715731389820576e-04
4.328715731389820576e-04
5.327651742845773697e-04
3.662758972495794296e-04
4.328715731389820576e-04
2.330846036784350872e-04
3.662758972495794296e-04
3.329780884087085724e-04
6.659561768174171448e-04
4.994671326130628586e-04
3.329780884087085724e-04
3.329780884087085724e-04
4.661694401875138283e-04
1.664891169639304280e-04
3.662758972495794296e-04
1.997869403567165136e-04
4.994671326130628586e-04
3.329780884087085724e-04
2.996804250869899988e-04
3.329780884087085724e-04
1.997869403567165136e-04
6.659561768174171448e-05
5.660629831254482269e-04
3.662758972495794296e-04
3.329780884087085724e-04
4.661694401875138283e-04
2.996804250869899988e-04
1.664891169639304280e-04
3.662758972495794296e-04
2.330846036784350872e-04
3.329780884087085724e-04
1.664891169639304280e-04
6.326586008071899414e-04
2.996804250869899988e-04
3.662758972495794296e-04
2.330846036784350872e-04
2.996804250869899988e-04
3.662758972495794296e-04
2.330846036784350872e-04
4.661694401875138283e-04
3.995737060904502869e-04
3.329780884087085724e-04
2.330846036784350872e-04
4.328715731389820576e-04
3.329780884087085724e-04
4.994671326130628586e-04
5.993605591356754303e-04
2.330846036784350872e-04
3.662758972495794296e-04
2.330846036784350872e-04
2.996804250869899988e-04
2.663824707269668579e-04
2.996804250869899988e-04
2.330846036784350872e-04
5.327651742845773697e-04
4.328715731389820576e-04
3.995737060904502869e-04
9.989342652261257172e-05
4.994671326130628586e-04
2.663824707269668579e-04
1.331912935711443424e-04
4.661694401875138283e-04
2.663824707269668579e-04
3.995737060904502869e-04
4.328715731389820576e-04
5.993605591356754303e-04
9.989342652261257172e-05
4.661694401875138283e-04
5.327651742845773697e-04
1.997869403567165136e-04
1.331912935711443424e-04
2.996804250869899988e-04
3.662758972495794296e-04
5.660629831254482269e-04
4.661694401875138283e-04
5.327651742845773697e-04
4.994671326130628586e-04
9.989342652261257172e-05
4.661694401875138283e-04
1.331912935711443424e-04
2.330846036784350872e-04
3.329780884087085724e-04
4.661694401875138283e-04
9.989342652261257172e-05
2.996804250869899988e-04
2.996804250869899988e-04
5.993605591356754303e-04
2.663824707269668579e-04
2.996804250869899988e-04
5.660629831254482269e-04
2.996804250869899988e-04
2.663824707269668579e-04
3.995737060904502869e-04
5.660629831254482269e-04
1.331912935711443424e-04
4.661694401875138283e-04
2.996804250869899988e-04
1.664891169639304280e-04
2.663824707269668579e-04
1.997869403567165136e-04
3.995737060904502869e-04
4.328715731389820576e-04
3.995737060904502869e-04
1.664891169639304280e-04
5.993605591356754303e-04
3.329780884087085724e-04
3.662758972495794296e-04
2.330846036784350872e-04
4.328715731389820576e-04
2.663824707269668579e-04
4.994671326130628586e-04
4.328715731389820576e-04
4.994671326130628586e-04
1.664891169639304280e-04
3.329780884087085724e-04
3.995737060904502869e-04
1.331912935711443424e-04
2.996804250869899988e-04
4.328715731389820576e-04
3.995737060904502869e-04
2.330846036784350872e-04
3.662758972495794296e-04
5.327651742845773697e-04
2.996804250869899988e-04
2.663824707269668579e-04
3.329780884087085724e-04
4.994671326130628586e-04
9.989342652261257172e-05
2.996804250869899988e-04
4.994671326130628586e-04
1.997869403567165136e-04
1.331912935711443424e-04
3.995737060904502869e-04
2.663824707269668579e-04
1.664891169639304280e-04
2.330846036784350872e-04
3.329780884087085724e-04
9.989342652261257172e-05
4.661694401875138283e-04
2.663824707269668579e-04
3.329780884087085724e-04
1.664891169639304280e-04
6.659561768174171448e-05
2.330846036784350872e-04
3.329780884087085724e-04
2.663824707269668579e-04
3.329780884087085724e-04
4.328715731389820576e-04
3.995737060904502869e-04
3.995737060904502869e-04
9.989342652261257172e-05
2.663824707269668579e-04
1.331912935711443424e-04
2.663824707269668579e-04
1.331912935711443424e-04
6.659561768174171448e-05
4.328715731389820576e-04
1.664891169639304280e-04
1.331912935711443424e-04
6.659561768174171448e-05
2.663824707269668579e-04
1.664891169639304280e-04
2.996804250869899988e-04
4.661694401875138283e-04
3.662758972495794296e-04
3.662758972495794296e-04
2.330846036784350872e-04
1.664891169639304280e-04
4.328715731389820576e-04
2.663824707269668579e-04
4.661694401875138283e-04
9.989342652261257172e-05
3.329780884087085724e-04
2.663824707269668579e-04
1.997869403567165136e-04
2.996804250869899988e-04
4.328715731389820576e-04
3.329780884087085724e-04
3.995737060904502869e-04
1.664891169639304280e-04
2.996804250869899988e-04
1.997869403567165136e-04
1.997869403567165136e-04
1.331912935711443424e-04
2.996804250869899988e-04
2.330846036784350872e-04
2.330846036784350872e-04
3.995737060904502869e-04
1.331912935711443424e-04
3.662758972495794296e-04
4.661694401875138283e-04
2.663824707269668579e-04
1.997869403567165136e-04
1.664891169639304280e-04
1.997869403567165136e-04
2.996804250869899988e-04
3.329782339278608561e-05
1.664891169639304280e-04
4.328715731389820576e-04
1.997869403567165136e-04
1.997869403567165136e-04
3.995737060904502869e-04
2.996804250869899988e-04
9.989342652261257172e-05
2.663824707269668579e-04
1.997869403567165136e-04
2.996804250869899988e-04
1.331912935711443424e-04
2.996804250869899988e-04
1.997869403567165136e-04
1.331912935711443424e-04
3.329780884087085724e-04
2.663824707269668579e-04
1.997869403567165136e-04
3.329780884087085724e-04
3.995737060904502869e-04
3.329782339278608561e-05
4.328715731389820576e-04
2.996804250869899988e-04
3.329780884087085724e-04
9.989342652261257172e-05
4.661694401875138283e-04
3.662758972495794296e-04
2.663824707269668579e-04
1.997869403567165136e-04
2.996804250869899988e-04
1.664891169639304280e-04
3.329780884087085724e-04
1.997869403567165136e-04
3.662758972495794296e-04
6.659561768174171448e-05
1.997869403567165136e-04
9.989342652261257172e-05
9.999999682655225389e-21
3.995737060904502869e-04
1.664891169639304280e-04
2.330846036784350872e-04
1.664891169639304280e-04
2.996804250869899988e-04
3.329780884087085724e-04
2.996804250869899988e-04
2.330846036784350872e-04
6.659561768174171448e-05
2.330846036784350872e-04
9.989342652261257172e-05
2.996804250869899988e-04
1.331912935711443424e-04
2.663824707269668579e-04
3.329782339278608561e-05
1.331912935711443424e-04
1.331912935711443424e-04
1.331912935711443424e-04
9.989342652261257172e-05
1.331912935711443424e-04
2.663824707269668579e-04
2.330846036784350872e-04
1.664891169639304280e-04
2.330846036784350872e-04
1.664891169639304280e-04
3.329782339278608561e-05
1.331912935711443424e-04
2.996804250869899988e-04
1.331912935711443424e-04
3.329780884087085724e-04
9.999999682655225389e-21
1.997869403567165136e-04
2.330846036784350872e-04
1.664891169639304280e-04
1.997869403567165136e-04
1.664891169639304280e-04
9.989342652261257172e-05
1.997869403567165136e-04
3.329780884087085724e-04
2.330846036784350872e-04
3.662758972495794296e-04
3.995737060904502869e-04
3.329780884087085724e-04
2.330846036784350872e-04
2.663824707269668579e-04
1.997869403567165136e-04
9.989342652261257172e-05
9.999999682655225389e-21
1.997869403567165136e-04
1.664891169639304280e-04
2.663824707269668579e-04
9.989342652261257172e-05
1.664891169639304280e-04
3.329780884087085724e-04
1.997869403567165136e-04
2.996804250869899988e-04
1.664891169639304280e-04
1.997869403567165136e-04
1.664891169639304280e-04
1.997869403567165136e-04
3.329780884087085724e-04
1.331912935711443424e-04
1.664891169639304280e-04
9.989342652261257172e-05
2.663824707269668579e-04
2.330846036784350872e-04
1.664891169639304280e-04
2.330846036784350872e-04
1.997869403567165136e-04
2.663824707269668579e-04
1.664891169639304280e-04
2.996804250869899988e-04
3.662758972495794296e-04
2.663824707269668579e-04
1.664891169639304280e-04
1.664891169639304280e-04
2.996804250869899988e-04
6.659561768174171448e-05
6.659561768174171448e-05
3.329780884087085724e-04
1.664891169639304280e-04
2.330846036784350872e-04
9.989342652261257172e-05
2.996804250869899988e-04
9.989342652261257172e-05
1.664891169639304280e-04
6.659561768174171448e-05
2.996804250869899988e-04
2.330846036784350872e-04
2.330846036784350872e-04
2.663824707269668579e-04
2.996804250869899988e-04
2.330846036784350872e-04
2.330846036784350872e-04
1.331912935711443424e-04
1.664891169639304280e-04
2.330846036784350872e-04
1.997869403567165136e-04
2.330846036784350872e-04
9.989342652261257172e-05
1.331912935711443424e-04
3.329782339278608561e-05
1.997869403567165136e-04
9.989342652261257172e-05
1.664891169639304280e-04
2.996804250869899988e-04
2.663824707269668579e-04
3.329782339278608561e-05
2.996804250869899988e-04
1.331912935711443424e-04
1.331912935711443424e-04
6.659561768174171448e-05
2.663824707269668579e-04
6.659561768174171448e-05
3.329782339278608561e-05
6.659561768174171448e-05
1.664891169639304280e-04
2.330846036784350872e-04
1.997869403567165136e-04
1.997869403567165136e-04
2.330846036784350872e-04
2.330846036784350872e-04
2.663824707269668579e-04
2.996804250869899988e-04
9.989342652261257172e-05
1.997869403567165136e-04
2.996804250869899988e-04
1.331912935711443424e-04
1.331912935711443424e-04
3.329782339278608561e-05
1.664891169639304280e-04
2.663824707269668579e-04
2.996804250869899988e-04
1.664891169639304280e-04
9.989342652261257172e-05
2.330846036784350872e-04
1.664891169639304280e-04
2.663824707269668579e-04
1.664891169639304280e-04
1.664891169639304280e-04
2.330846036784350872e-04
1.997869403567165136e-04
1.997869403567165136e-04
2.996804250869899988e-04
9.989342652261257172e-05
2.330846036784350872e-04
2.663824707269668579e-04
9.989342652261257172e-05
1.997869403567165136e-04
1.664891169639304280e-04
1.331912935711443424e-04
2.330846036784350872e-04
2.996804250869899988e-04
9.989342652261257172e-05
1.997869403567165136e-04
2.330846036784350872e-04
9.989342652261257172e-05
1.664891169639304280e-04
1.664891169639304280e-04
2.996804250869899988e-04
2.663824707269668579e-04
1.664891169639304280e-04
1.997869403567165136e-04
3.329782339278608561e-05
6.659561768174171448e-05
1.997869403567165136e-04
1.997869403567165136e-04
1.331912935711443424e-04
1.997869403567165136e-04
3.329782339278608561e-05
6.659561768174171448e-05
6.659561768174171448e-05
2.663824707269668579e-04
1.664891169639304280e-04
1.331912935711443424e-04
9.989342652261257172e-05
1.331912935711443424e-04
9.989342652261257172e-05
9.989342652261257172e-05
1.664891169639304280e-04
1.331912935711443424e-04
1.331912935711443424e-04
1.664891169639304280e-04
1.997869403567165136e-04
1.664891169639304280e-04
1.331912935711443424e-04
2.663824707269668579e-04
6.659561768174171448e-05
3.329782339278608561e-05
1.664891169639304280e-04
6.659561768174171448e-05
1.997869403567165136e-04
1.997869403567165136e-04
1.331912935711443424e-04
1.664891169639304280e-04
6.659561768174171448e-05
6.659561768174171448e-05
9.989342652261257172e-05
1.331912935711443424e-04
9.989342652261257172e-05
1.331912935711443424e-04
1.664891169639304280e-04
6.659561768174171448e-05
1.997869403567165136e-04
1.331912935711443424e-04
1.997869403567165136e-04
1.997869403567165136e-04
6.659561768174171448e-05
1.997869403567165136e-04
1.997869403567165136e-04
9.989342652261257172e-05
1.331912935711443424e-04
3.329782339278608561e-05
9.989342652261257172e-05
3.329782339278608561e-05
6.659561768174171448e-05
9.989342652261257172e-05
9.989342652261257172e-05
1.664891169639304280e-04
1.331912935711443424e-04
1.664891169639304280e-04
9.989342652261257172e-05
9.989342652261257172e-05
6.659561768174171448e-05
1.331912935711443424e-04
1.331912935711443424e-04
1.331912935711443424e-04
9.989342652261257172e-05
6.659561768174171448e-05
6.659561768174171448e-05
1.331912935711443424e-04
3.329782339278608561e-05
9.989342652261257172e-05
9.989342652261257172e-05
6.659561768174171448e-05
6.659561768174171448e-05
1.331912935711443424e-04
1.664891169639304280e-04
9.989342652261257172e-05
1.331912935711443424e-04
6.659561768174171448e-05
9.989342652261257172e-05
9.989342652261257172e-05
9.989342652261257172e-05
9.989342652261257172e-05
6.659561768174171448e-05
3.329782339278608561e-05
9.999999682655225389e-21
1.331912935711443424e-04
3.329782339278608561e-05
1.664891169639304280e-04
9.989342652261257172e-05
3.329782339278608561e-05
6.659561768174171448e-05
9.989342652261257172e-05
3.329782339278608561e-05
6.659561768174171448e-05
9.989342652261257172e-05
1.331912935711443424e-04
