7.531023941706986233e-03
2.680836686037382094e-02
1.831381638188266797e-02
2.726375675215767305e-02
1.388280673844856849e-03
9.534536043861976257e-03
4.898194868132654117e-03
7.370076045387884134e-03
2.500771463310049250e-02
2.017798940904490940e-02
1.029552657566821725e-02
1.149673234601467781e-02
1.808268490048620808e-02
2.711374954315271327e-02
1.301083303148076707e-03
1.245933656657272591e-02
7.481830170878553572e-03
2.776179884306800502e-02
6.313484793199647740e-03
8.365739858223147571e-03
1.249357371288613815e-02
1.384620589157423316e-02
2.026712133169471936e-02
1.958823150464479232e-02
7.573681310399143531e-03
2.087834150994896318e-02
1.069107150617950794e-02
2.402618549456888089e-02
2.318068244045440665e-02
1.186022223911954027e-02
1.474177952037070832e-02
1.378998378674741593e-02
9.126429452680159121e-03
2.605173886725420732e-02
2.047304716298928816e-03
2.736208587644061840e-03
1.772442738153593225e-02
1.317256755646439674e-03
6.276795297218635931e-03
2.872796266296871650e-03
2.312699481780479752e-02
1.335230771629307422e-02
2.783869507329943260e-03
2.800628325384961481e-02
4.464402053611848595e-03
1.437572235538245313e-02
1.155525670939514318e-02
2.779743617605106090e-02
2.348647740555224669e-02
3.356068004602858271e-03
2.698301561870357357e-02
2.652877091403375159e-02
2.496735629814124391e-02
1.267492365656404732e-02
2.823540348048843990e-02
2.641576600618186429e-02
7.481830170878553572e-03
2.489781617562962512e-02
2.788451275617570557e-02
2.156537697234696058e-02
1.252710149452326664e-02
1.387165668598119156e-02
2.043292477974565508e-02
2.841298626309553613e-02
4.579878944257567870e-03
2.841298626309553613e-02
1.273719127229965345e-02
2.049259575034391434e-02
7.407262060415098666e-03
2.026712133169471936e-02
9.249205036639885497e-03
2.225141748702715028e-02
1.914909971019277150e-03
1.735082986347521658e-02
2.400415420624230078e-02
2.269900329994375618e-02
7.479808958021640433e-03
1.347690034653794937e-02
1.638981170587959502e-02
1.831018109659177107e-02
9.388359151512827225e-03
1.858125818252599412e-02
1.419626745393040568e-02
1.266780726629290754e-02
2.689965691397668696e-02
5.030508471694777363e-03
1.503572963817218465e-02
1.696143559441507659e-02
2.590585560041033450e-02
9.177724112880954535e-03
2.262574934299195831e-02
6.564507127591887384e-03
2.475032344946356475e-03
2.074317869884912541e-02
4.383119352446279184e-03
1.951461095848305155e-02
2.530330064124642134e-02
1.318255440521184235e-02
1.263674424101378715e-02
9.968530366947008989e-04
2.550120274799689071e-02
5.746841973886212922e-03
2.332638771647618792e-02
9.126429452680159121e-03
4.489701251052857778e-03
2.841298626309553613e-02
5.898943797969278570e-03
5.355382232290041913e-03
4.176060432315359394e-03
1.488551253146193527e-02
1.375700933665068883e-02
4.705316147300303217e-03
2.502541131806811092e-02
1.041147908614104608e-03
1.449114283124903688e-02
2.704718646634497736e-02
8.196378147761588379e-03
1.559723816328467683e-02
2.280296467160493334e-02
2.058576538992288110e-02
2.038418635729720430e-02
1.803531699282332271e-02
2.699370282208319108e-02
1.432338350559503141e-02
9.722375172391236817e-03
1.798365181487936518e-02
2.532421297094962845e-02
1.177910882104829179e-02
6.268634447309061677e-03
6.907816480301457243e-03
7.498409918208791269e-03
2.025110912974589089e-02
5.358853080766650540e-03
9.017078887156857944e-03
5.898943797969278570e-03
2.409928297719013748e-02
6.440229002434154880e-03
1.706670303751859838e-02
4.464402053611848595e-03
1.883937441945304075e-02
5.102293691340631376e-03
1.304701404224404594e-02
2.532075116610663090e-02
2.060578719098315678e-02
4.678595993292713508e-03
1.780530006680606809e-03
2.162728270824286134e-02
7.409860487188765776e-03
2.554824438802349301e-02
2.271545522960346369e-02
1.440588940153514352e-02
6.108507796129115756e-03
2.319284760939782121e-03
1.700843732944037207e-02
6.869538728185876734e-03
1.020220831852217125e-02
8.009318675471435375e-03
3.886774890263700825e-03
8.301106479615712533e-03
2.131126349265249215e-02
1.177910882104829179e-02
3.062189441324678074e-03
2.078126604752496623e-02
1.294030451936732141e-02
1.822739954317970090e-02
2.318982319686495319e-02
2.075212959577019470e-02
1.571393397675494713e-02
1.107598774059572778e-02
2.058974514382841750e-02
1.267492365656404732e-02
1.267002224285922012e-02
1.932166077343931004e-02
1.946208726353415618e-03
1.474775105042165288e-02
7.085435645143769307e-03
5.355382232290041913e-03
2.283924172719822496e-03
1.422450696919008413e-03
2.313148133154330904e-02
2.726375675215767305e-02
2.897219030204482067e-03
7.409860487188765776e-03
2.823540348048843990e-02
2.002939043227434934e-02
1.839913021195197602e-03
2.225141748702715028e-02
8.289446695471271512e-03
5.286958301495625796e-03
1.081128732881365441e-02
2.365307003660651122e-02
1.923326064828801210e-02
1.495441779078103030e-02
1.199870396633352133e-02
7.901855176995663949e-03
1.686509911144593466e-03
2.391326664550695591e-02
7.105343282599098712e-03
2.536352126699855866e-02
1.739516453376782970e-02
2.173765276454465989e-02
2.634073615189330003e-02
1.469566884033908331e-02
4.373977281357617139e-03
1.473096001230303140e-02
1.825672909146731828e-03
1.179368137726369888e-03
6.389981048496001792e-03
3.194462154751144967e-03
2.357750348401824875e-02
7.018828080778530092e-03
1.209612651437628680e-02
2.792743007571080530e-02
3.778393879834477092e-03
1.883733706299578134e-02
2.703664567022297932e-02
1.729419053245029097e-03
4.088487165457113312e-03
3.031788365834607937e-03
1.084722859629050871e-02
1.007034637687153310e-02
2.641576600618186429e-02
7.656892041704306019e-03
2.827327611691318396e-02
1.305212289833541754e-02
5.355382232290041913e-03
1.041147908614104608e-03
1.241602555423191277e-02
2.742960946253907278e-03
1.267002224285922012e-02
2.065649059511196275e-02
1.932385502672618119e-02
2.131126349265249215e-02
2.570112598734573903e-03
6.180704460300533339e-03
1.211546815738339181e-02
2.414399184551529673e-02
5.508764833784159098e-03
2.097722255198646718e-02
2.812696407044372460e-02
1.367375576127011563e-02
1.432338350559503141e-02
7.085435645143769307e-03
3.376462513966200975e-03
2.529864630825050947e-02
9.835061492502704394e-03
3.039449893748034405e-03
6.927909570027505556e-03
2.593549949039130470e-02
2.200743251754724156e-02
1.923326064828801210e-02
1.339983092226192454e-02
2.097722255198646718e-02
2.515737894885546402e-02
2.690799305647282452e-02
1.884948913036395279e-02
2.043292477974565508e-02
1.914909971019277150e-03
2.525742134748274262e-02
1.389946673602632243e-02
1.086746385636664335e-02
1.380273482138988199e-02
2.758562798473218267e-02
1.121521868902438344e-02
1.256097261725748308e-02
9.968530366947008989e-04
2.593549949039130470e-02
2.111152782633702457e-02
6.977423015816798350e-03
2.319177153664498184e-03
5.030508471694777363e-03
1.490903294380164883e-02
2.724278529482559302e-02
2.485997788870701955e-02
6.703669341028392799e-03
1.811314949655754708e-02
1.716279042464628063e-02
2.808147066876204995e-02
2.384751951773151843e-02
1.143791013463457858e-02
2.777961489841398318e-02
2.000570611035488652e-02
1.824023230135331589e-02
2.308034673930387318e-02
1.276711689929656973e-02
1.388280673844856849e-03
1.522273975384959982e-02
2.010742880073601926e-02
1.990877872720389630e-02
6.555867655442099845e-03
7.893090498555159137e-03
5.356267125336955717e-03
1.549579976308130408e-02
9.463858464265614140e-03
1.347052443657139123e-02
2.181447228434987493e-02
1.338400922026618083e-02
2.196601078105374014e-02
2.087834150994896318e-02
2.479025112599394717e-02
1.412729889543939098e-03
1.906671474150611325e-03
1.149673234601467781e-02
9.951460923619584106e-03
1.839913021195197602e-03
2.585097719687759824e-02
2.842570956920052044e-02
2.512797371934780491e-02
1.428040162696051808e-02
2.357750348401824875e-02
2.058974514382841750e-02
6.276795297218635931e-03
8.133035897246475299e-03
8.232217015885652175e-03
1.864145917509849038e-02
2.704658203772872249e-02
2.200743251754724156e-02
2.737830945322972109e-02
1.975623841773224004e-02
8.934282072681422500e-04
2.083236133914959098e-02
2.634073615189330003e-02
2.651024304565949979e-02
2.530516685247935146e-02
1.041147908614104608e-03
2.766681119835988009e-02
1.245933656657272591e-02
2.319284760939782121e-03
1.355362597143500505e-02
8.018058078902549207e-03
2.380411318571562865e-02
7.893541570999199758e-03
1.244589445834569721e-02
7.407262060415098666e-03
6.977423015816798350e-03
7.739251718298656608e-03
1.109883279144092440e-02
1.419626745393040568e-02
1.432338350559503141e-02
2.386849841506920311e-02
1.922580630409160066e-02
9.951460923619584106e-03
9.364867620305805662e-03
2.472899953665885775e-02
1.626918949985748514e-02
2.227636453981567122e-02
2.010399687404131400e-03
1.569182607656370576e-02
1.932166077343931004e-02
2.811517803069487481e-02
1.332867878662528406e-02
2.529864630825050947e-02
2.357750348401824875e-02
2.802855694955053503e-02
1.953931224654415627e-02
7.102396575897827226e-03
2.064686978471160644e-02
1.230097233112660733e-02
2.610696428650851816e-02
1.769813006898942123e-02
2.550120274799689071e-02
1.591983805987114836e-02
1.403347222717835248e-02
2.585097719687759824e-02
4.617226752366330143e-03
6.659858554528586515e-03
2.370562254035371227e-02
3.641667936571933196e-03
1.482078181232632762e-02
1.276078361260545545e-02
7.822641313159035131e-03
1.906671474150611325e-03
1.294030451936732141e-02
2.308141352401143348e-02
2.386849841506920311e-02
2.761942511742601289e-03
1.636726578121656950e-02
2.816338352850841689e-03
8.379699852552553513e-04
9.086656153986511289e-03
9.213720106335710966e-03
2.710699890502562409e-02
5.746841973886212922e-03
1.803531699282332271e-02
1.099227046600725378e-02
2.276514071962604593e-02
1.915815775207704158e-02
1.365084834136426860e-02
2.111152782633702457e-02
2.897219030204482067e-03
2.319177153664498184e-03
2.811517803069487481e-02
1.860382131278720888e-02
2.700757677236051424e-02
6.965756268420763946e-03
2.111152782633702457e-02
2.450196495833675131e-02
2.496735629814124391e-02
1.762693391162575146e-02
3.641543644247884331e-03
1.559131773958358745e-02
2.780173159407828970e-02
1.473096001230303140e-02
1.160413889097483379e-02
2.827327611691318396e-02
1.301777411268329604e-02
2.467648121079984991e-02
1.317256755646439674e-03
2.349824183420579082e-02
2.408236638908248933e-02
7.018828080778530092e-03
2.325447377113542408e-02
6.966882245408982828e-03
1.436660893643166778e-02
1.563281777638272224e-02
2.167897437662230642e-02
2.010742880073601926e-02
2.312699481780479752e-02
2.496735629814124391e-02
9.396195367977982701e-03
4.383119352446279184e-03
1.600504774518634460e-02
2.840606862814113939e-02
1.831381638188266797e-02
2.059717452132277596e-02
2.325447377113542408e-02
2.485997788870701955e-02
2.428967240642007988e-02
2.467016014040200947e-02
2.605173886725420732e-02
9.693864751134905963e-03
1.150469287248104093e-03
2.704658203772872249e-02
7.407262060415098666e-03
1.143791013463457858e-02
1.831018109659177107e-02
2.531862869804025681e-02
9.463858464265614140e-03
9.651868033102911984e-03
7.573681310399143531e-03
2.465237807625003316e-02
2.835313572884663041e-02
8.436990756546632747e-03
2.697165608352231764e-02
1.100528649509018367e-02
2.153427310876042389e-02
2.628961113070005240e-02
2.381354360260031638e-02
1.053472444325298692e-02
2.097121671516890412e-02
2.473101981403773297e-02
1.883937441945304075e-02
1.334123216423616608e-02
1.041147908614104608e-03
7.901855176995663949e-03
1.906671474150611325e-03
4.756213452910018104e-03
2.078126604752496623e-02
1.655404306112163645e-02
1.262584882641889193e-02
2.795460360150481965e-02
9.835061492502704394e-03
1.441332863680540527e-03
1.375700933665068883e-02
8.133035897246475299e-03
2.318982319686495319e-02
8.131702787963440357e-03
1.753001431948991024e-02
2.319284760939782121e-03
1.457279285345009293e-02
1.135798651941980104e-02
1.412245946581096659e-02
2.017798940904490940e-02
1.372200568528988973e-02
1.301083303148076707e-03
1.247689663045075184e-02
1.334123216423616608e-02
5.137286085947936724e-03
2.262574934299195831e-02
2.808147066876204995e-02
4.325718320125061106e-03
1.105277925854967862e-02
2.507964729119902675e-02
2.273735226108124664e-03
2.080686294536307664e-03
1.436660893643166778e-02
1.211546815738339181e-02
1.691636173205861640e-02
1.152908394840000683e-02
5.956868284827105189e-03
1.991948524473968057e-03
1.180731770785949097e-02
2.450196495833675131e-02
2.270603820669915215e-02
1.729419053245029097e-03
6.387234132595875566e-03
2.400361055854899339e-02
1.388564239979082036e-02
1.323231051995247577e-02
2.276514071962604593e-02
1.245148139165305236e-02
9.388359151512827225e-03
2.075212959577019470e-02
2.631779352540395203e-02
2.097722255198646718e-02
1.885282168880889411e-02
1.839130721913544500e-02
2.726375675215767305e-02
9.455587600487690494e-03
9.143513907405694668e-03
1.994686191695886623e-02
2.075212959577019470e-02
1.247511487546043921e-02
1.389946673602632243e-02
2.225141748702715028e-02
1.437572235538245313e-02
1.535241563205642056e-02
9.722375172391236817e-03
1.177910882104829179e-02
2.156537697234696058e-02
1.245148139165305236e-02
1.831381638188266797e-02
1.121992759187168641e-02
1.909803471559722368e-02
6.659858554528586515e-03
6.756518475925140862e-03
1.897813716743386794e-02
2.262574934299195831e-02
5.898943797969278570e-03
2.070024250152458639e-02
2.641576600618186429e-02
1.501279712963244153e-02
2.244313510524995059e-02
2.045839562266406689e-02
3.230448811876060651e-03
5.331096434104076916e-03
2.532421297094962845e-02
1.215387593561374595e-02
8.552196639861658206e-03
2.017798940904490940e-02
3.031788365834607937e-03
2.512797371934780491e-02
2.579899539138801393e-02
1.593418159636992779e-02
1.994165054069190271e-02
9.832289257292696830e-03
1.728136614959032563e-02
2.479879191329406249e-02
1.218791357951025736e-02
5.746841973886212922e-03
2.613317873494406043e-02
1.209927629504617018e-03
2.046786557619100291e-02
1.262584882641889193e-02
1.256097261725748308e-02
1.016760906645174101e-02
1.186022223911954027e-02
5.331096434104076916e-03
1.084722859629050871e-02
3.641667936571933196e-03
2.876746645568349550e-03
1.696143559441507659e-02
1.617747624878221324e-02
1.317256755646439674e-03
1.190096082810857860e-02
7.515089468294099649e-03
1.300369082149544636e-02
1.967362161216945453e-03
2.525103008468307722e-02
1.831381638188266797e-02
1.155525670939514318e-02
8.552196639861658206e-03
2.816338352850841689e-03
9.388359151512827225e-03
7.409860487188765776e-03
1.946208726353415618e-03
1.375700933665068883e-02
2.357750348401824875e-02
1.735082986347521658e-02
1.691636173205861640e-02
1.503572963817218465e-02
2.502541131806811092e-02
1.741838165578339301e-02
2.230525575783338238e-02
2.087834150994896318e-02
1.203032151627439700e-03
1.367375576127011563e-02
2.365307003660651122e-02
7.573681310399143531e-03
2.532421297094962845e-02
2.074832537950884945e-02
2.080686294536307664e-03
9.540361412654059167e-03
2.808147066876204995e-02
1.860266208320154532e-02
1.182131984471148679e-02
1.822016370341915728e-02
1.728136614959032563e-02
1.579940096316611448e-02
1.080292030615559971e-02
7.741940954227042974e-03
3.896131155062257032e-03
2.841298626309553613e-02
1.991948524473968057e-03
1.444920131464968657e-02
4.046067073386020764e-03
1.401270903492007718e-02
9.177724112880954535e-03
7.105343282599098712e-03
1.428040162696051808e-02
2.411004446681921931e-02
2.319177153664498184e-03
1.677802698803292428e-02
7.085435645143769307e-03
2.332638771647618792e-02
8.934282072681422500e-04
1.177910882104829179e-02
1.378998378674741593e-02
1.691312969123361099e-02
2.398158567707512831e-02
2.795460360150481965e-02
1.910837659964881308e-02
1.180731770785949097e-02
1.388564239979082036e-02
2.531862869804025681e-02
1.875963078514022130e-03
1.611158506698533166e-02
1.884948913036395279e-02
2.283924172719822496e-03
2.788451275617570557e-02
1.155758752821626177e-02
2.665524153004799647e-03
1.218791357951025736e-02
5.796232412450714327e-03
8.379699852552553513e-04
1.909803471559722368e-02
2.414399184551529673e-02
1.624696225746338069e-02
2.682995109361678565e-02
1.380273482138988199e-02
9.056798237532848878e-03
2.235039956934059199e-02
1.611158506698533166e-02
1.994165054069190271e-02
2.634073615189330003e-02
1.175012230033059893e-02
1.994165054069190271e-02
1.029552657566821725e-02
5.796232412450714327e-03
1.070026537338068622e-02
7.102396575897827226e-03
2.701877226787674849e-02
2.562182954264926454e-02
9.835061492502704394e-03
1.559131773958358745e-02
1.040278900343987248e-02
6.966882245408982828e-03
1.037104596209070979e-02
1.636726578121656950e-02
2.570237018598627368e-02
1.875963078514022130e-03
2.366538658633739536e-02
2.823540348048843990e-02
1.711340252428449407e-02
2.570237018598627368e-02
8.226093018539170493e-03
2.264537889306713486e-02
1.338400922026618083e-02
8.821971773675222478e-03
1.571393397675494713e-02
2.058248634805795105e-02
1.756274161049068555e-02
5.331096434104076916e-03
1.991948524473968057e-03
2.710699890502562409e-02
1.990877872720389630e-02
2.792743007571080530e-02
9.055029997981566339e-03
1.164380896242806461e-02
2.229631669881610573e-02
7.315749846728458045e-03
2.257347421376662555e-03
2.788451275617570557e-02
7.315749846728458045e-03
9.455587600487690494e-03
1.040278900343987248e-02
8.575904364340747321e-03
2.104644143849244281e-02
2.515133217865998805e-02
2.515737894885546402e-02
1.780530006680606809e-03
3.003026353706358693e-03
1.672068829116178657e-02
2.575357108804918888e-02
1.611158506698533166e-02
1.150790911143434632e-02
2.729956346552165486e-02
6.807673079384786267e-03
1.474775105042165288e-02
1.474177952037070832e-02
2.365307003660651122e-02
1.232421417433818278e-02
2.020147181630568833e-02
5.746841973886212922e-03
4.740312918779128297e-03
8.055695219966945569e-03
1.600504774518634460e-02
2.247339578218511547e-02
1.852592772637459695e-02
2.485272791926082872e-02
2.270603820669915215e-02
2.674585119205469957e-02
1.485102537841341032e-02
2.664401148548143153e-02
1.756274161049068555e-02
1.670837406462024818e-02
1.218791357951025736e-02
2.045839562266406689e-02
6.180704460300533339e-03
1.135798651941980104e-02
3.381530456977044959e-03
2.681675744024447638e-02
1.811314949655754708e-02
2.665524153004799647e-03
7.017795788104013756e-03
9.143513907405694668e-03
2.280296467160493334e-02
2.097722255198646718e-02
1.497870484604745325e-02
1.059531575248901999e-02
2.409739470828489022e-02
6.389981048496001792e-03
4.784374694823952806e-03
1.437572235538245313e-02
2.071701361550928877e-02
1.294030451936732141e-02
2.210863889181170772e-02
1.149673234601467781e-02
6.387234132595875566e-03
1.694843463890628298e-03
2.515737894885546402e-02
9.472451677601901460e-03
5.286958301495625796e-03
1.070287015746792213e-02
2.788451275617570557e-02
4.448515096279783733e-03
1.109883279144092440e-02
2.248664185783317074e-02
1.388564239979082036e-02
2.822549229635051837e-02
2.400415420624230078e-02
2.785776594805818365e-02
4.468249322230864046e-03
2.489781617562962512e-02
1.437052403121773063e-02
1.965448478601901014e-02
8.902117217569534844e-04
2.552148696388139605e-03
2.696967536767371290e-02
1.203032151627439700e-03
1.441332863680540527e-03
2.104644143849244281e-02
1.502407294547660095e-02
6.254126031651899460e-03
3.816412291542651495e-03
6.907816480301457243e-03
2.020278863054578503e-02
1.769813006898942123e-02
1.053472444325298692e-02
1.741838165578339301e-02
2.651024304565949979e-02
1.309402421256763982e-02
1.885282168880889411e-02
1.923326064828801210e-02
1.853612418619590956e-03
1.541123121496990565e-02
2.876746645568349550e-03
1.143791013463457858e-02
9.364867620305805662e-03
2.610696428650851816e-02
2.336563887367203163e-02
2.097065108927164204e-02
2.290019584697309055e-02
2.562182954264926454e-02
2.761942511742601289e-03
7.660767072797070205e-03
2.225141748702715028e-02
2.690799305647282452e-02
1.302087206413524677e-02
1.338400922026618083e-02
2.496735629814124391e-02
7.741940954227042974e-03
1.860382131278720888e-02
4.201522679828732440e-03
9.814913016930350547e-04
2.777545496402439654e-02
1.559723816328467683e-02
1.853612418619590956e-03
1.252710149452326664e-02
1.040278900343987248e-02
2.332638771647618792e-02
2.035120830177971490e-02
2.712133838133762992e-02
2.099659423904052732e-02
7.105343282599098712e-03
1.728136614959032563e-02
1.149673234601467781e-02
8.991924345671699695e-03
2.380411318571562865e-02
9.951460923619584106e-03
1.946208726353415618e-03
5.534983448583631442e-03
1.864749159240605345e-02
2.897219030204482067e-03
3.023914649592697283e-03
6.440229002434154880e-03
2.485272791926082872e-02
3.896131155062257032e-03
2.770317263848030495e-02
6.387234132595875566e-03
2.286526096235986724e-02
1.252710149452326664e-02
1.215387593561374595e-02
1.983603358889361734e-02
1.446320055036532347e-02
2.097065108927164204e-02
1.318255440521184235e-02
2.400361055854899339e-02
9.254718384240757587e-03
2.724278529482559302e-02
2.680836686037382094e-02
3.896131155062257032e-03
1.905145177816014099e-02
1.842411386228343800e-02
1.333496013515850405e-02
2.779743617605106090e-02
1.561944339118893563e-02
1.729419053245029097e-03
2.450569130108843155e-02
2.485272791926082872e-02
1.928046488280740767e-02
2.225141748702715028e-02
2.406788849731061539e-02
2.271623179351732469e-02
1.860266208320154532e-02
1.105279918717676918e-02
1.164380896242806461e-02
1.923326064828801210e-02
9.651868033102911984e-03
4.617226752366330143e-03
5.228300054251148674e-03
2.502541131806811092e-02
2.530330064124642134e-02
5.796232412450714327e-03
1.488551253146193527e-02
1.182139867444396281e-03
1.691636173205861640e-02
2.819950998286092220e-02
1.578538770963027957e-02
1.831018109659177107e-02
1.186934801482782652e-03
1.367375576127011563e-02
2.571481903686669360e-02
1.606451101957891842e-02
2.808147066876204995e-02
1.825672909146731828e-03
2.286526096235986724e-02
1.274157791437719421e-02
1.691312969123361099e-02
2.177042932469076472e-02
4.088487165457113312e-03
4.011103942937912885e-03
1.485102537841341032e-02
1.053472444325298692e-02
2.634073615189330003e-02
1.508494013282995691e-02
2.235039956934059199e-02
1.617747624878221324e-02
1.670837406462024818e-02
1.199870396633352133e-02
6.927909570027505556e-03
2.064686978471160644e-02
1.339983092226192454e-02
1.541123121496990565e-02
1.951461095848305155e-02
2.303077762585715310e-02
2.508753217754862430e-02
1.403347222717835248e-02
7.901855176995663949e-03
4.046067073386020764e-03
1.946208726353415618e-03
8.184019673376695392e-03
1.182139867444396281e-03
2.800628325384961481e-02
9.472451677601901460e-03
1.233936518355180714e-02
2.271623179351732469e-02
2.017798940904490940e-02
2.064686978471160644e-02
2.085289876869900888e-02
2.391326664550695591e-02
5.273571532670993586e-03
1.365084834136426860e-02
1.109883279144092440e-02
2.111152782633702457e-02
2.442072970848728139e-02
4.287412298735089611e-03
2.047235310314361387e-02
6.318753653149389478e-03
1.694843463890628298e-03
1.323231051995247577e-02
2.767802450525814334e-02
1.708694582429257439e-02
7.370076045387884134e-03
2.699370282208319108e-02
1.951786452730084123e-02
5.956868284827105189e-03
2.059717452132277596e-02
9.213720106335710966e-03
1.709117745158841850e-02
1.798365181487936518e-02
1.720156644041373126e-02
1.831381638188266797e-02
2.314364669016407555e-02
3.816412291542651495e-03
1.453225041050385836e-02
1.522747526973920046e-02
1.624696225746338069e-02
5.956868284827105189e-03
1.501279712963244153e-02
8.902117217569534844e-04
4.297487180391933170e-03
2.097722255198646718e-02
2.049259575034391434e-02
2.046786557619100291e-02
1.535241563205642056e-02
4.297487180391933170e-03
2.687495460246000847e-02
2.536352126699855866e-02
9.396195367977982701e-03
2.576068488477926965e-02
1.280568118008433565e-02
1.372200568528988973e-02
2.513242896204588572e-03
1.581362371836994574e-02
1.457279285345009293e-02
2.767802450525814334e-02
2.822549229635051837e-02
2.089242620182245325e-02
2.058974514382841750e-02
9.254718384240757587e-03
7.281786696704877111e-03
2.230525575783338238e-02
1.351941561928353755e-02
2.984065684169064005e-03
2.303102732482719892e-03
6.122519376966249760e-03
2.188573615491389360e-02
1.106086557631749678e-02
2.280296467160493334e-02
2.225141748702715028e-02
2.273735226108124664e-03
2.704718646634497736e-02
