4.374437499791383743e-03
4.084452521055936813e-03
4.380606580525636673e-03
5.293747410178184509e-03
4.436135292053222656e-03
3.794469172134995461e-03
4.466985352337360382e-03
4.004244692623615265e-03
3.516825148835778236e-03
3.998075146228075027e-03
3.152802120894193649e-03
1.129086012952029705e-03
2.906008856371045113e-03
2.838138956576585770e-03
3.060255199670791626e-03
1.240143552422523499e-03
2.690062625333666801e-03
7.650637999176979065e-04
1.739902771078050137e-03
8.452718611806631088e-04
7.342144381254911423e-04
4.072112496942281723e-04
6.231568404473364353e-04
4.627400485333055258e-04
6.786854937672615051e-04
3.701920504681766033e-04
5.984773160889744759e-04
3.516825963743031025e-04
5.244389758445322514e-04
4.072112496942281723e-04
7.465539965778589249e-04
7.774035912007093430e-04
3.763620043173432350e-04
4.750799271278083324e-04
3.948716912418603897e-04
3.794469172134995461e-03
6.971950642764568329e-04
7.465539965778589249e-04
5.552880465984344482e-04
3.578524338081479073e-04
4.133812035433948040e-04
8.576116524636745453e-04
4.935893812216818333e-04
3.640221839305013418e-04
4.627400485333055258e-04
4.133812035433948040e-04
4.072112496942281723e-04
1.739902771078050137e-03
3.998075146228075027e-03
1.240143552422523499e-03
5.120991263538599014e-04
2.690062625333666801e-03
4.689100896939635277e-04
3.640221839305013418e-04
3.640221839305013418e-04
3.640221839305013418e-04
5.120991263538599014e-04
4.318908613640815020e-04
4.442304489202797413e-04
3.516825963743031025e-04
4.689100896939635277e-04
4.436135292053222656e-03
5.244389758445322514e-04
3.825318999588489532e-04
4.380606405902653933e-04
3.516825963743031025e-04
4.565702402032911777e-04
7.465539965778589249e-04
5.182690219953656197e-04
5.182690219953656197e-04
4.257208493072539568e-04
4.084452521055936813e-03
3.825318999588489532e-04
4.627400485333055258e-04
4.072112496942281723e-04
3.516825148835778236e-03
3.640221839305013418e-04
5.182690219953656197e-04
4.133812035433948040e-04
1.129086012952029705e-03
2.690062625333666801e-03
4.750799271278083324e-04
3.516825963743031025e-04
5.984773160889744759e-04
3.998075146228075027e-03
3.516825963743031025e-04
4.072112496942281723e-04
6.971950642764568329e-04
4.935893812216818333e-04
4.374437499791383743e-03
4.627400485333055258e-04
3.887017956003546715e-04
3.516825963743031025e-04
3.887017956003546715e-04
3.887017956003546715e-04
3.516825963743031025e-04
8.452718611806631088e-04
3.948716912418603897e-04
6.971950642764568329e-04
3.640221839305013418e-04
4.195511573925614357e-04
6.231568404473364353e-04
3.516825963743031025e-04
4.195511573925614357e-04
3.640221839305013418e-04
3.516825148835778236e-03
4.004244692623615265e-03
5.182690219953656197e-04
3.516825963743031025e-04
2.690062625333666801e-03
4.466985352337360382e-03
5.120991263538599014e-04
8.452718611806631088e-04
4.072112496942281723e-04
3.516825148835778236e-03
4.627400485333055258e-04
4.436135292053222656e-03
5.552880465984344482e-04
1.739902771078050137e-03
4.072112496942281723e-04
5.984773160889744759e-04
3.640221839305013418e-04
4.084452521055936813e-03
4.627400485333055258e-04
5.984773160889744759e-04
3.516825963743031025e-04
3.578524338081479073e-04
3.060255199670791626e-03
2.690062625333666801e-03
4.318908613640815020e-04
3.578524338081479073e-04
3.516825963743031025e-04
4.072112496942281723e-04
4.380606405902653933e-04
5.182690219953656197e-04
3.516825963743031025e-04
3.152802120894193649e-03
4.257208493072539568e-04
3.825318999588489532e-04
4.689100896939635277e-04
5.984773160889744759e-04
3.640221839305013418e-04
3.640221839305013418e-04
3.640221839305013418e-04
1.129086012952029705e-03
3.060255199670791626e-03
5.182690219953656197e-04
3.516825963743031025e-04
3.516825963743031025e-04
4.689100896939635277e-04
8.576116524636745453e-04
4.689100896939635277e-04
3.763620043173432350e-04
7.342144381254911423e-04
3.701920504681766033e-04
1.739902771078050137e-03
2.906008856371045113e-03
5.244389758445322514e-04
4.257208493072539568e-04
3.516825963743031025e-04
3.763620043173432350e-04
4.380606580525636673e-03
3.640221839305013418e-04
4.442304489202797413e-04
7.342144381254911423e-04
3.152802120894193649e-03
4.436135292053222656e-03
5.552880465984344482e-04
4.084452521055936813e-03
7.465539965778589249e-04
6.231568404473364353e-04
1.739902771078050137e-03
3.516825963743031025e-04
3.152802120894193649e-03
2.467948070261627436e-05
3.516825963743031025e-04
4.072112496942281723e-04
3.887017956003546715e-04
6.971950642764568329e-04
4.380606405902653933e-04
3.578524338081479073e-04
3.794469172134995461e-03
4.072112496942281723e-04
5.293747410178184509e-03
2.838138956576585770e-03
3.763620043173432350e-04
6.786854937672615051e-04
1.850960325100459158e-05
2.906008856371045113e-03
5.244389758445322514e-04
3.516825148835778236e-03
4.442304489202797413e-04
1.739902771078050137e-03
6.231568404473364353e-04
4.565702402032911777e-04
3.825318999588489532e-04
4.436135292053222656e-03
7.465539965778589249e-04
4.072112496942281723e-04
3.794469172134995461e-03
3.516825963743031025e-04
4.627400485333055258e-04
7.465539965778589249e-04
4.195511573925614357e-04
8.452718611806631088e-04
4.084452521055936813e-03
4.072112496942281723e-04
3.516825963743031025e-04
6.786854937672615051e-04
4.380606405902653933e-04
3.825318999588489532e-04
4.072112496942281723e-04
3.516825963743031025e-04
4.689100896939635277e-04
3.948716912418603897e-04
4.565702402032911777e-04
7.650637999176979065e-04
4.084452521055936813e-03
5.552880465984344482e-04
6.971950642764568329e-04
7.465539965778589249e-04
4.072112496942281723e-04
7.465539965778589249e-04
6.786854937672615051e-04
3.825318999588489532e-04
4.565702402032911777e-04
3.152802120894193649e-03
7.774035912007093430e-04
3.948716912418603897e-04
3.998075146228075027e-03
4.565702402032911777e-04
4.374437499791383743e-03
7.342144381254911423e-04
3.640221839305013418e-04
3.825318999588489532e-04
3.948716912418603897e-04
4.133812035433948040e-04
3.516825963743031025e-04
4.750799271278083324e-04
4.380606405902653933e-04
3.948716912418603897e-04
3.825318999588489532e-04
3.516825963743031025e-04
3.640221839305013418e-04
3.516825148835778236e-03
1.129086012952029705e-03
4.565702402032911777e-04
4.935893812216818333e-04
3.516825963743031025e-04
3.060255199670791626e-03
3.640221839305013418e-04
2.838138956576585770e-03
4.689100896939635277e-04
6.231568404473364353e-04
5.293747410178184509e-03
2.690062625333666801e-03
3.640221839305013418e-04
2.690062625333666801e-03
4.133812035433948040e-04
5.552880465984344482e-04
4.072112496942281723e-04
3.701922105392441154e-05
4.084452521055936813e-03
4.072112496942281723e-04
7.342144381254911423e-04
7.650637999176979065e-04
3.640221839305013418e-04
2.838138956576585770e-03
5.182690219953656197e-04
2.838138956576585770e-03
6.971950642764568329e-04
3.060255199670791626e-03
4.133812035433948040e-04
4.380606405902653933e-04
3.578524338081479073e-04
4.374437499791383743e-03
3.578524338081479073e-04
5.293747410178184509e-03
7.774035912007093430e-04
5.293747410178184509e-03
6.786854937672615051e-04
4.318908613640815020e-04
4.442304489202797413e-04
7.650637999176979065e-04
7.650637999176979065e-04
3.825318999588489532e-04
3.825318999588489532e-04
4.072112496942281723e-04
1.129086012952029705e-03
4.072112496942281723e-04
3.998075146228075027e-03
5.984773160889744759e-04
8.452718611806631088e-04
4.380606405902653933e-04
1.129086012952029705e-03
3.701922105392441154e-05
5.552880465984344482e-04
4.466985352337360382e-03
3.701920504681766033e-04
2.906008856371045113e-03
4.466985352337360382e-03
5.552880465984344482e-04
2.838138956576585770e-03
4.380606580525636673e-03
4.072112496942281723e-04
4.442304489202797413e-04
3.152802120894193649e-03
4.133812035433948040e-04
3.516825963743031025e-04
3.640221839305013418e-04
3.825318999588489532e-04
4.195511573925614357e-04
4.380606405902653933e-04
1.739902771078050137e-03
7.465539965778589249e-04
3.516825148835778236e-03
7.342144381254911423e-04
4.565702402032911777e-04
2.838138956576585770e-03
3.763620043173432350e-04
2.906008856371045113e-03
3.516825963743031025e-04
3.825318999588489532e-04
3.152802120894193649e-03
3.640221839305013418e-04
4.627400485333055258e-04
5.984773160889744759e-04
5.552880465984344482e-04
8.452718611806631088e-04
4.004244692623615265e-03
1.739902771078050137e-03
3.640221839305013418e-04
1.129086012952029705e-03
3.763620043173432350e-04
4.689100896939635277e-04
4.627400485333055258e-04
6.971950642764568329e-04
7.342144381254911423e-04
4.689100896939635277e-04
4.380606580525636673e-03
1.850960325100459158e-05
3.794469172134995461e-03
3.640221839305013418e-04
4.133812035433948040e-04
7.774035912007093430e-04
4.442304489202797413e-04
7.774035912007093430e-04
3.825318999588489532e-04
7.650637999176979065e-04
7.774035912007093430e-04
3.578524338081479073e-04
1.739902771078050137e-03
4.627400485333055258e-04
3.640221839305013418e-04
3.578524338081479073e-04
3.948716912418603897e-04
7.650637999176979065e-04
3.701920504681766033e-04
3.516825963743031025e-04
4.750799271278083324e-04
3.516825963743031025e-04
4.072112496942281723e-04
4.750799271278083324e-04
7.650637999176979065e-04
4.380606405902653933e-04
3.152802120894193649e-03
5.293747410178184509e-03
3.998075146228075027e-03
3.516825148835778236e-03
2.690062625333666801e-03
4.374437499791383743e-03
7.465539965778589249e-04
7.342144381254911423e-04
1.739902771078050137e-03
1.129086012952029705e-03
6.971950642764568329e-04
5.552880465984344482e-04
3.701922105392441154e-05
5.552880465984344482e-04
3.516825963743031025e-04
4.195511573925614357e-04
6.231568404473364353e-04
4.380606580525636673e-03
3.516825963743031025e-04
6.786854937672615051e-04
4.004244692623615265e-03
8.452718611806631088e-04
3.763620043173432350e-04
4.466985352337360382e-03
5.244389758445322514e-04
3.516825963743031025e-04
3.701922105392441154e-05
1.240143552422523499e-03
3.516825963743031025e-04
4.072112496942281723e-04
7.650637999176979065e-04
3.152802120894193649e-03
5.293747410178184509e-03
3.516825963743031025e-04
4.466985352337360382e-03
3.701920504681766033e-04
5.244389758445322514e-04
3.152802120894193649e-03
3.084935087827034295e-05
7.650637999176979065e-04
3.825318999588489532e-04
2.690062625333666801e-03
3.794469172134995461e-03
4.380606405902653933e-04
4.072112496942281723e-04
3.516825963743031025e-04
4.374437499791383743e-03
4.195511573925614357e-04
4.195511573925614357e-04
1.739902771078050137e-03
3.640221839305013418e-04
4.374437499791383743e-03
7.342144381254911423e-04
2.906008856371045113e-03
3.516825963743031025e-04
3.701922105392441154e-05
7.650637999176979065e-04
6.786854937672615051e-04
4.689100896939635277e-04
1.739902771078050137e-03
5.182690219953656197e-04
7.465539965778589249e-04
4.072112496942281723e-04
3.794469172134995461e-03
3.516825963743031025e-04
3.084935087827034295e-05
7.465539965778589249e-04
3.701922105392441154e-05
4.318908613640815020e-04
3.794469172134995461e-03
4.084452521055936813e-03
5.120991263538599014e-04
4.442304489202797413e-04
4.466985352337360382e-03
5.120991263538599014e-04
2.467948070261627436e-05
4.195511573925614357e-04
3.640221839305013418e-04
3.516825963743031025e-04
5.182690219953656197e-04
4.466985352337360382e-03
1.850960325100459158e-05
3.825318999588489532e-04
4.436135292053222656e-03
3.640221839305013418e-04
3.516825963743031025e-04
3.640221839305013418e-04
3.152802120894193649e-03
3.701922105392441154e-05
4.072112496942281723e-04
4.257208493072539568e-04
3.516825963743031025e-04
2.467948070261627436e-05
3.794469172134995461e-03
4.380606405902653933e-04
4.750799271278083324e-04
4.318908613640815020e-04
5.120991263538599014e-04
4.374437499791383743e-03
3.794469172134995461e-03
4.004244692623615265e-03
4.442304489202797413e-04
1.240143552422523499e-03
7.650637999176979065e-04
3.516825148835778236e-03
4.195511573925614357e-04
7.465539965778589249e-04
4.565702402032911777e-04
3.516825963743031025e-04
1.240143552422523499e-03
4.627400485333055258e-04
3.640221839305013418e-04
6.231568404473364353e-04
5.120991263538599014e-04
4.627400485333055258e-04
3.825318999588489532e-04
3.152802120894193649e-03
3.701920504681766033e-04
6.786854937672615051e-04
3.516825963743031025e-04
5.293747410178184509e-03
8.576116524636745453e-04
7.342144381254911423e-04
4.935893812216818333e-04
1.850960325100459158e-05
1.240143552422523499e-03
2.838138956576585770e-03
3.516825963743031025e-04
3.516825963743031025e-04
3.084935087827034295e-05
5.552880465984344482e-04
4.466985352337360382e-03
7.465539965778589249e-04
4.436135292053222656e-03
6.169870175654068589e-06
2.906008856371045113e-03
3.084935087827034295e-05
3.825318999588489532e-04
3.516825148835778236e-03
4.380606580525636673e-03
3.516825963743031025e-04
4.133812035433948040e-04
2.467948070261627436e-05
8.576116524636745453e-04
3.701922105392441154e-05
4.318908613640815020e-04
3.578524338081479073e-04
3.516825963743031025e-04
3.516825963743031025e-04
1.129086012952029705e-03
4.750799271278083324e-04
3.084935087827034295e-05
3.825318999588489532e-04
3.516825148835778236e-03
4.133812035433948040e-04
4.565702402032911777e-04
3.516825963743031025e-04
3.825318999588489532e-04
3.640221839305013418e-04
3.825318999588489532e-04
3.578524338081479073e-04
3.516825963743031025e-04
4.466985352337360382e-03
3.516825963743031025e-04
4.436135292053222656e-03
4.750799271278083324e-04
4.318908613640815020e-04
4.072112496942281723e-04
4.380606405902653933e-04
4.935893812216818333e-04
3.701920504681766033e-04
4.442304489202797413e-04
7.650637999176979065e-04
3.516825148835778236e-03
3.516825963743031025e-04
5.182690219953656197e-04
4.627400485333055258e-04
3.516825963743031025e-04
3.516825963743031025e-04
5.552880465984344482e-04
4.374437499791383743e-03
4.689100896939635277e-04
6.971950642764568329e-04
3.701922105392441154e-05
3.152802120894193649e-03
7.465539965778589249e-04
3.825318999588489532e-04
4.374437499791383743e-03
7.465539965778589249e-04
3.701922105392441154e-05
3.763620043173432350e-04
3.060255199670791626e-03
5.984773160889744759e-04
8.576116524636745453e-04
6.786854937672615051e-04
1.240143552422523499e-03
4.133812035433948040e-04
3.578524338081479073e-04
3.825318999588489532e-04
3.516825963743031025e-04
8.452718611806631088e-04
6.786854937672615051e-04
3.516825963743031025e-04
2.467948070261627436e-05
3.701922105392441154e-05
4.133812035433948040e-04
3.516825963743031025e-04
4.750799271278083324e-04
1.240143552422523499e-03
5.120991263538599014e-04
3.825318999588489532e-04
4.072112496942281723e-04
3.640221839305013418e-04
3.640221839305013418e-04
4.627400485333055258e-04
3.701920504681766033e-04
7.342144381254911423e-04
4.133812035433948040e-04
1.240143552422523499e-03
3.516825963743031025e-04
3.516825148835778236e-03
0.000000000000000000e+00
3.516825963743031025e-04
3.084935087827034295e-05
8.576116524636745453e-04
4.935893812216818333e-04
6.971950642764568329e-04
7.342144381254911423e-04
3.516825963743031025e-04
6.231568404473364353e-04
1.240143552422523499e-03
5.293747410178184509e-03
2.906008856371045113e-03
8.576116524636745453e-04
5.984773160889744759e-04
4.257208493072539568e-04
3.516825963743031025e-04
1.739902771078050137e-03
3.701920504681766033e-04
3.516825148835778236e-03
3.516825963743031025e-04
3.763620043173432350e-04
4.689100896939635277e-04
4.374437499791383743e-03
6.231568404473364353e-04
3.640221839305013418e-04
4.436135292053222656e-03
3.640221839305013418e-04
4.689100896939635277e-04
3.084935087827034295e-05
3.060255199670791626e-03
4.436135292053222656e-03
4.318908613640815020e-04
2.467948070261627436e-05
3.825318999588489532e-04
2.467948070261627436e-05
3.640221839305013418e-04
3.516825963743031025e-04
4.257208493072539568e-04
4.689100896939635277e-04
3.516825963743031025e-04
4.133812035433948040e-04
3.578524338081479073e-04
4.935893812216818333e-04
8.452718611806631088e-04
3.516825963743031025e-04
6.786854937672615051e-04
3.701922105392441154e-05
5.244389758445322514e-04
3.516825963743031025e-04
3.516825148835778236e-03
4.072112496942281723e-04
4.004244692623615265e-03
3.794469172134995461e-03
4.072112496942281723e-04
3.578524338081479073e-04
4.072112496942281723e-04
3.640221839305013418e-04
4.380606405902653933e-04
3.998075146228075027e-03
3.701922105392441154e-05
4.133812035433948040e-04
6.231568404473364353e-04
4.689100896939635277e-04
4.442304489202797413e-04
6.231568404473364353e-04
4.374437499791383743e-03
4.380606405902653933e-04
5.244389758445322514e-04
3.763620043173432350e-04
5.293747410178184509e-03
1.240143552422523499e-03
4.466985352337360382e-03
3.516825963743031025e-04
1.233973489433992654e-05
1.240143552422523499e-03
2.467948070261627436e-05
5.293747410178184509e-03
3.640221839305013418e-04
3.516825963743031025e-04
4.257208493072539568e-04
3.640221839305013418e-04
4.442304489202797413e-04
3.794469172134995461e-03
4.084452521055936813e-03
3.640221839305013418e-04
6.786854937672615051e-04
8.576116524636745453e-04
3.516825148835778236e-03
4.380606580525636673e-03
7.342144381254911423e-04
4.374437499791383743e-03
3.640221839305013418e-04
3.701922105392441154e-05
3.640221839305013418e-04
8.576116524636745453e-04
1.233973489433992654e-05
6.786854937672615051e-04
2.690062625333666801e-03
1.739902771078050137e-03
3.060255199670791626e-03
5.984773160889744759e-04
3.701922105392441154e-05
3.516825963743031025e-04
7.774035912007093430e-04
2.467948070261627436e-05
4.627400485333055258e-04
6.169870175654068589e-06
3.152802120894193649e-03
3.640221839305013418e-04
3.794469172134995461e-03
7.465539965778589249e-04
3.084935087827034295e-05
2.467948070261627436e-05
4.436135292053222656e-03
4.627400485333055258e-04
3.516825963743031025e-04
5.552880465984344482e-04
3.640221839305013418e-04
3.763620043173432350e-04
4.436135292053222656e-03
6.786854937672615051e-04
2.467948070261627436e-05
4.689100896939635277e-04
3.701922105392441154e-05
4.627400485333055258e-04
3.794469172134995461e-03
1.739902771078050137e-03
1.850960325100459158e-05
2.467948070261627436e-05
5.182690219953656197e-04
7.342144381254911423e-04
4.072112496942281723e-04
3.516825963743031025e-04
7.465539965778589249e-04
4.195511573925614357e-04
4.442304489202797413e-04
4.436135292053222656e-03
2.690062625333666801e-03
3.516825148835778236e-03
2.838138956576585770e-03
3.060255199670791626e-03
3.516825963743031025e-04
7.465539965778589249e-04
4.627400485333055258e-04
4.565702402032911777e-04
1.129086012952029705e-03
3.084935087827034295e-05
3.640221839305013418e-04
3.701922105392441154e-05
3.516825963743031025e-04
3.998075146228075027e-03
3.640221839305013418e-04
4.565702402032911777e-04
3.701922105392441154e-05
1.233973489433992654e-05
3.516825963743031025e-04
5.120991263538599014e-04
3.516825963743031025e-04
4.935893812216818333e-04
7.774035912007093430e-04
3.084935087827034295e-05
3.701920504681766033e-04
3.701920504681766033e-04
4.380606580525636673e-03
3.084935087827034295e-05
6.971950642764568329e-04
5.984773160889744759e-04
3.060255199670791626e-03
4.627400485333055258e-04
5.552880465984344482e-04
1.129086012952029705e-03
4.195511573925614357e-04
8.576116524636745453e-04
3.640221839305013418e-04
8.576116524636745453e-04
4.072112496942281723e-04
3.794469172134995461e-03
3.948716912418603897e-04
4.627400485333055258e-04
7.774035912007093430e-04
4.627400485333055258e-04
4.374437499791383743e-03
4.084452521055936813e-03
5.293747410178184509e-03
3.516825963743031025e-04
3.794469172134995461e-03
4.380606580525636673e-03
4.442304489202797413e-04
3.763620043173432350e-04
6.231568404473364353e-04
1.850960325100459158e-05
5.293747410178184509e-03
4.380606405902653933e-04
2.467948070261627436e-05
3.060255199670791626e-03
3.516825148835778236e-03
4.380606405902653933e-04
3.640221839305013418e-04
4.072112496942281723e-04
1.850960325100459158e-05
4.072112496942281723e-04
3.640221839305013418e-04
3.701922105392441154e-05
2.467948070261627436e-05
3.794469172134995461e-03
3.825318999588489532e-04
3.640221839305013418e-04
3.516825963743031025e-04
4.466985352337360382e-03
5.293747410178184509e-03
1.850960325100459158e-05
4.627400485333055258e-04
2.467948070261627436e-05
4.436135292053222656e-03
6.786854937672615051e-04
8.637816790724173188e-05
1.850960325100459158e-05
5.552883521886542439e-05
5.552883521886542439e-05
1.110576122300699353e-04
4.935893957735970616e-05
5.552883521886542439e-05
1.048877893481403589e-04
5.552883521886542439e-05
4.935893957735970616e-05
7.403841300401836634e-05
1.048877893481403589e-04
2.467948070261627436e-05
8.637816790724173188e-05
5.552883521886542439e-05
3.084935087827034295e-05
4.935893957735970616e-05
3.701922105392441154e-05
7.403841300401836634e-05
8.020828681765124202e-05
7.403841300401836634e-05
3.084935087827034295e-05
1.110576122300699353e-04
6.169867265271022916e-05
6.786853919038549066e-05
4.318906212574802339e-05
8.020828681765124202e-05
4.935893957735970616e-05
9.254801261704415083e-05
8.020828681765124202e-05
9.254801261704415083e-05
3.084935087827034295e-05
6.169867265271022916e-05
7.403841300401836634e-05
2.467948070261627436e-05
5.552883521886542439e-05
8.020828681765124202e-05
7.403841300401836634e-05
4.318906212574802339e-05
6.786853919038549066e-05
9.871792281046509743e-05
5.552883521886542439e-05
4.935893957735970616e-05
6.169867265271022916e-05
9.254801261704415083e-05
1.850960325100459158e-05
5.552883521886542439e-05
9.254801261704415083e-05
3.701922105392441154e-05
2.467948070261627436e-05
7.403841300401836634e-05
4.935893957735970616e-05
3.084935087827034295e-05
4.318906212574802339e-05
6.169867265271022916e-05
1.850960325100459158e-05
8.637816790724173188e-05
4.935893957735970616e-05
6.169867265271022916e-05
3.084935087827034295e-05
1.233973489433992654e-05
4.318906212574802339e-05
6.169867265271022916e-05
4.935893957735970616e-05
6.169867265271022916e-05
8.020828681765124202e-05
7.403841300401836634e-05
7.403841300401836634e-05
1.850960325100459158e-05
4.935893957735970616e-05
2.467948070261627436e-05
4.935893957735970616e-05
2.467948070261627436e-05
1.233973489433992654e-05
8.020828681765124202e-05
3.084935087827034295e-05
2.467948070261627436e-05
1.233973489433992654e-05
4.935893957735970616e-05
3.084935087827034295e-05
5.552883521886542439e-05
8.637816790724173188e-05
6.786853919038549066e-05
6.786853919038549066e-05
4.318906212574802339e-05
3.084935087827034295e-05
8.020828681765124202e-05
4.935893957735970616e-05
8.637816790724173188e-05
1.850960325100459158e-05
6.169867265271022916e-05
4.935893957735970616e-05
3.701922105392441154e-05
5.552883521886542439e-05
8.020828681765124202e-05
6.169867265271022916e-05
7.403841300401836634e-05
3.084935087827034295e-05
5.552883521886542439e-05
3.701922105392441154e-05
3.701922105392441154e-05
2.467948070261627436e-05
5.552883521886542439e-05
4.318906212574802339e-05
4.318906212574802339e-05
7.403841300401836634e-05
2.467948070261627436e-05
6.786853919038549066e-05
8.637816790724173188e-05
4.935893957735970616e-05
3.701922105392441154e-05
3.084935087827034295e-05
3.701922105392441154e-05
5.552883521886542439e-05
6.169870175654068589e-06
3.084935087827034295e-05
8.020828681765124202e-05
3.701922105392441154e-05
3.701922105392441154e-05
7.403841300401836634e-05
5.552883521886542439e-05
1.850960325100459158e-05
4.935893957735970616e-05
3.701922105392441154e-05
5.552883521886542439e-05
2.467948070261627436e-05
5.552883521886542439e-05
3.701922105392441154e-05
2.467948070261627436e-05
6.169867265271022916e-05
4.935893957735970616e-05
3.701922105392441154e-05
6.169867265271022916e-05
7.403841300401836634e-05
6.169870175654068589e-06
8.020828681765124202e-05
5.552883521886542439e-05
6.169867265271022916e-05
1.850960325100459158e-05
8.637816790724173188e-05
6.786853919038549066e-05
4.935893957735970616e-05
3.701922105392441154e-05
5.552883521886542439e-05
3.084935087827034295e-05
6.169867265271022916e-05
3.701922105392441154e-05
6.786853919038549066e-05
1.233973489433992654e-05
3.701922105392441154e-05
1.850960325100459158e-05
0.000000000000000000e+00
7.403841300401836634e-05
3.084935087827034295e-05
4.318906212574802339e-05
3.084935087827034295e-05
5.552883521886542439e-05
6.169867265271022916e-05
5.552883521886542439e-05
4.318906212574802339e-05
1.233973489433992654e-05
4.318906212574802339e-05
1.850960325100459158e-05
5.552883521886542439e-05
2.467948070261627436e-05
4.935893957735970616e-05
6.169870175654068589e-06
2.467948070261627436e-05
2.467948070261627436e-05
2.467948070261627436e-05
1.850960325100459158e-05
2.467948070261627436e-05
4.935893957735970616e-05
4.318906212574802339e-05
3.084935087827034295e-05
4.318906212574802339e-05
3.084935087827034295e-05
6.169870175654068589e-06
2.467948070261627436e-05
5.552883521886542439e-05
2.467948070261627436e-05
6.169867265271022916e-05
0.000000000000000000e+00
3.701922105392441154e-05
4.318906212574802339e-05
3.084935087827034295e-05
3.701922105392441154e-05
3.084935087827034295e-05
1.850960325100459158e-05
3.701922105392441154e-05
6.169867265271022916e-05
4.318906212574802339e-05
6.786853919038549066e-05
7.403841300401836634e-05
6.169867265271022916e-05
4.318906212574802339e-05
4.935893957735970616e-05
3.701922105392441154e-05
1.850960325100459158e-05
0.000000000000000000e+00
3.701922105392441154e-05
3.084935087827034295e-05
4.935893957735970616e-05
1.850960325100459158e-05
3.084935087827034295e-05
6.169867265271022916e-05
3.701922105392441154e-05
5.552883521886542439e-05
3.084935087827034295e-05
3.701922105392441154e-05
3.084935087827034295e-05
3.701922105392441154e-05
6.169867265271022916e-05
2.467948070261627436e-05
3.084935087827034295e-05
1.850960325100459158e-05
4.935893957735970616e-05
4.318906212574802339e-05
3.084935087827034295e-05
4.318906212574802339e-05
3.701922105392441154e-05
4.935893957735970616e-05
3.084935087827034295e-05
5.552883521886542439e-05
6.786853919038549066e-05
4.935893957735970616e-05
3.084935087827034295e-05
3.084935087827034295e-05
5.552883521886542439e-05
1.233973489433992654e-05
1.233973489433992654e-05
6.169867265271022916e-05
3.084935087827034295e-05
4.318906212574802339e-05
1.850960325100459158e-05
5.552883521886542439e-05
1.850960325100459158e-05
3.084935087827034295e-05
1.233973489433992654e-05
5.552883521886542439e-05
4.318906212574802339e-05
4.318906212574802339e-05
4.935893957735970616e-05
5.552883521886542439e-05
4.318906212574802339e-05
4.318906212574802339e-05
2.467948070261627436e-05
3.084935087827034295e-05
4.318906212574802339e-05
3.701922105392441154e-05
4.318906212574802339e-05
1.850960325100459158e-05
2.467948070261627436e-05
6.169870175654068589e-06
3.701922105392441154e-05
1.850960325100459158e-05
3.084935087827034295e-05
5.552883521886542439e-05
4.935893957735970616e-05
6.169870175654068589e-06
5.552883521886542439e-05
2.467948070261627436e-05
2.467948070261627436e-05
1.233973489433992654e-05
4.935893957735970616e-05
1.233973489433992654e-05
6.169870175654068589e-06
1.233973489433992654e-05
3.084935087827034295e-05
4.318906212574802339e-05
3.701922105392441154e-05
3.701922105392441154e-05
4.318906212574802339e-05
4.318906212574802339e-05
4.935893957735970616e-05
5.552883521886542439e-05
1.850960325100459158e-05
3.701922105392441154e-05
5.552883521886542439e-05
2.467948070261627436e-05
2.467948070261627436e-05
6.169870175654068589e-06
3.084935087827034295e-05
4.935893957735970616e-05
5.552883521886542439e-05
3.084935087827034295e-05
1.850960325100459158e-05
4.318906212574802339e-05
3.084935087827034295e-05
4.935893957735970616e-05
3.084935087827034295e-05
3.084935087827034295e-05
4.318906212574802339e-05
3.701922105392441154e-05
3.701922105392441154e-05
5.552883521886542439e-05
1.850960325100459158e-05
4.318906212574802339e-05
4.935893957735970616e-05
1.850960325100459158e-05
3.701922105392441154e-05
3.084935087827034295e-05
2.467948070261627436e-05
4.318906212574802339e-05
5.552883521886542439e-05
1.850960325100459158e-05
3.701922105392441154e-05
4.318906212574802339e-05
1.850960325100459158e-05
3.084935087827034295e-05
3.084935087827034295e-05
5.552883521886542439e-05
4.935893957735970616e-05
3.084935087827034295e-05
3.701922105392441154e-05
6.169870175654068589e-06
1.233973489433992654e-05
3.701922105392441154e-05
3.701922105392441154e-05
2.467948070261627436e-05
3.701922105392441154e-05
6.169870175654068589e-06
1.233973489433992654e-05
1.233973489433992654e-05
4.935893957735970616e-05
3.084935087827034295e-05
2.467948070261627436e-05
1.850960325100459158e-05
2.467948070261627436e-05
1.850960325100459158e-05
1.850960325100459158e-05
3.084935087827034295e-05
2.467948070261627436e-05
2.467948070261627436e-05
3.084935087827034295e-05
3.701922105392441154e-05
3.084935087827034295e-05
2.467948070261627436e-05
4.935893957735970616e-05
1.233973489433992654e-05
6.169870175654068589e-06
3.084935087827034295e-05
1.233973489433992654e-05
3.701922105392441154e-05
3.701922105392441154e-05
2.467948070261627436e-05
3.084935087827034295e-05
1.233973489433992654e-05
1.233973489433992654e-05
1.850960325100459158e-05
2.467948070261627436e-05
1.850960325100459158e-05
2.467948070261627436e-05
3.084935087827034295e-05
1.233973489433992654e-05
3.701922105392441154e-05
2.467948070261627436e-05
3.701922105392441154e-05
3.701922105392441154e-05
1.233973489433992654e-05
3.701922105392441154e-05
3.701922105392441154e-05
1.850960325100459158e-05
2.467948070261627436e-05
6.169870175654068589e-06
1.850960325100459158e-05
6.169870175654068589e-06
1.233973489433992654e-05
1.850960325100459158e-05
1.850960325100459158e-05
3.084935087827034295e-05
2.467948070261627436e-05
3.084935087827034295e-05
1.850960325100459158e-05
1.850960325100459158e-05
1.233973489433992654e-05
2.467948070261627436e-05
2.467948070261627436e-05
2.467948070261627436e-05
1.850960325100459158e-05
1.233973489433992654e-05
1.233973489433992654e-05
2.467948070261627436e-05
6.169870175654068589e-06
1.850960325100459158e-05
1.850960325100459158e-05
1.233973489433992654e-05
1.233973489433992654e-05
2.467948070261627436e-05
3.084935087827034295e-05
1.850960325100459158e-05
2.467948070261627436e-05
1.233973489433992654e-05
1.850960325100459158e-05
1.850960325100459158e-05
1.850960325100459158e-05
1.850960325100459158e-05
1.233973489433992654e-05
6.169870175654068589e-06
0.000000000000000000e+00
2.467948070261627436e-05
6.169870175654068589e-06
3.084935087827034295e-05
1.850960325100459158e-05
6.169870175654068589e-06
1.233973489433992654e-05
1.850960325100459158e-05
6.169870175654068589e-06
1.233973489433992654e-05
1.850960325100459158e-05
2.467948070261627436e-05
