1.829706481657922268e-03
1.804778003133833408e-03
1.830222317948937416e-03
1.900857896544039249e-03
1.834839000366628170e-03
1.778390840627253056e-03
1.837383839301764965e-03
1.797633478417992592e-03
1.751568750478327274e-03
1.797079225070774555e-03
1.713706180453300476e-03
1.395540311932563782e-03
1.685995492152869701e-03
1.678045489825308323e-03
1.703525194898247719e-03
1.421973225660622120e-03
1.660158275626599789e-03
1.291030552238225937e-03
1.521605299785733223e-03
1.317031914368271828e-03
1.280446769669651985e-03
1.080852118320763111e-03
1.239128876477479935e-03
1.167520298622548580e-03
1.260464778169989586e-03
1.116561004891991615e-03
1.229154644533991814e-03
1.067825825884938240e-03
1.197115401737391949e-03
1.138049061410129070e-03
1.080852118320763111e-03
1.295168534852564335e-03
1.120258355513215065e-03
1.173681695945560932e-03
1.131066703237593174e-03
1.105165109038352966e-03
1.267266226932406425e-03
1.284722238779067993e-03
1.210878719575703144e-03
1.109016011469066143e-03
1.080852118320763111e-03
1.320854993537068367e-03
8.461949764750897884e-04
1.112814061343669891e-03
1.167520298622548580e-03
1.141476910561323166e-03
1.138049061410129070e-03
1.101259840652346611e-03
1.105165109038352966e-03
8.676448487676680088e-04
1.191428047604858875e-03
9.720227681100368500e-04
1.170617295429110527e-03
1.049404032528400421e-03
1.105165109038352966e-03
1.080852118320763111e-03
9.654544992372393608e-04
1.151520875282585621e-03
1.158026978373527527e-03
9.784182766452431679e-04
1.170617295429110527e-03
1.044590026140213013e-03
1.034687040373682976e-03
1.123907393775880337e-03
1.154792262241244316e-03
1.063338946551084518e-03
1.164390123449265957e-03
1.019081566482782364e-03
1.194285228848457336e-03
1.058775116689503193e-03
1.148211769759654999e-03
1.105165109038352966e-03
1.123907393775880337e-03
9.050989174284040928e-04
1.058775116689503193e-03
1.105165109038352966e-03
1.112814061343669891e-03
1.105165109038352966e-03
9.966621873900294304e-04
1.054131193086504936e-03
9.295964264310896397e-04
1.076579676009714603e-03
1.093278755433857441e-03
1.085057621821761131e-03
1.049404032528400421e-03
9.517545113340020180e-04
1.063338946551084518e-03
1.085057621821761131e-03
1.182687934488058090e-03
1.072238432243466377e-03
1.093278755433857441e-03
8.676448487676680088e-04
1.034687040373682976e-03
1.127509749494493008e-03
9.784182766452431679e-04
1.002457225695252419e-03
8.871619938872754574e-04
1.024389406666159630e-03
1.039685681462287903e-03
1.089199329726397991e-03
1.144864130765199661e-03
1.002457225695252419e-03
1.002457225695252419e-03
7.640129188075661659e-04
1.002457225695252419e-03
1.049404032528400421e-03
1.085057621821761131e-03
1.072238432243466377e-03
7.952995365485548973e-04
1.067825825884938240e-03
1.049404032528400421e-03
1.002457225695252419e-03
1.105165109038352966e-03
1.029589679092168808e-03
9.217173792421817780e-04
9.517545113340020180e-04
1.024389406666159630e-03
9.295964264310896397e-04
9.846508037298917770e-04
1.138049061410129070e-03
1.029589679092168808e-03
1.112814061343669891e-03
1.054131193086504936e-03
8.963098516687750816e-04
1.034687040373682976e-03
1.029589679092168808e-03
1.029589679092168808e-03
1.054131193086504936e-03
9.445975883863866329e-04
8.776203030720353127e-04
9.784182766452431679e-04
1.024389406666159630e-03
9.445975883863866329e-04
1.105165109038352966e-03
8.092607022263109684e-04
9.295964264310896397e-04
9.846508037298917770e-04
9.445975883863866329e-04
1.123907393775880337e-03
1.089199329726397991e-03
8.963098516687750816e-04
1.112814061343669891e-03
9.372170316055417061e-04
1.019081566482782364e-03
8.676448487676680088e-04
9.846508037298917770e-04
9.720227681100368500e-04
9.445975883863866329e-04
8.963098516687750816e-04
9.217173792421817780e-04
7.640129188075661659e-04
9.135592845268547535e-04
9.907293133437633514e-04
9.907293133437633514e-04
8.223199401982128620e-04
9.517545113340020180e-04
9.720227681100368500e-04
9.217173792421817780e-04
9.445975883863866329e-04
1.076579676009714603e-03
1.093278755433857441e-03
1.029589679092168808e-03
7.952995365485548973e-04
8.345989044755697250e-04
9.217173792421817780e-04
9.445975883863866329e-04
9.907293133437633514e-04
9.907293133437633514e-04
1.058775116689503193e-03
9.517545113340020180e-04
8.345989044755697250e-04
1.089199329726397991e-03
8.963098516687750816e-04
7.462255889549851418e-04
6.496272399090230465e-04
9.135592845268547535e-04
9.445975883863866329e-04
8.223199401982128620e-04
8.345989044755697250e-04
7.952995365485548973e-04
9.295964264310896397e-04
9.295964264310896397e-04
8.963098516687750816e-04
8.963098516687750816e-04
1.039685681462287903e-03
9.784182766452431679e-04
9.654544992372393608e-04
6.133049027994275093e-04
1.002457225695252419e-03
9.295964264310896397e-04
9.372170316055417061e-04
8.776203030720353127e-04
7.952995365485548973e-04
9.720227681100368500e-04
1.044590026140213013e-03
9.587023523636162281e-04
9.784182766452431679e-04
7.462255889549851418e-04
9.517545113340020180e-04
1.029589679092168808e-03
9.295964264310896397e-04
1.013660454191267490e-03
9.135592845268547535e-04
1.034687040373682976e-03
9.050989174284040928e-04
9.372170316055417061e-04
1.039685681462287903e-03
7.802830659784376621e-04
8.223199401982128620e-04
9.517545113340020180e-04
9.784182766452431679e-04
8.871619938872754574e-04
9.372170316055417061e-04
1.002457225695252419e-03
1.034687040373682976e-03
1.034687040373682976e-03
9.217173792421817780e-04
8.345989044755697250e-04
9.517545113340020180e-04
9.654544992372393608e-04
8.963098516687750816e-04
9.517545113340020180e-04
1.034687040373682976e-03
1.029589679092168808e-03
9.846508037298917770e-04
9.846508037298917770e-04
8.223199401982128620e-04
9.295964264310896397e-04
9.050989174284040928e-04
8.871619938872754574e-04
1.019081566482782364e-03
9.587023523636162281e-04
8.776203030720353127e-04
9.907293133437633514e-04
1.008120947517454624e-03
7.265604217536747456e-04
8.871619938872754574e-04
1.002457225695252419e-03
1.024389406666159630e-03
9.907293133437633514e-04
8.461949764750897884e-04
9.846508037298917770e-04
9.907293133437633514e-04
8.571882499381899834e-04
1.044590026140213013e-03
8.963098516687750816e-04
1.008120947517454624e-03
9.135592845268547535e-04
8.345989044755697250e-04
1.034687040373682976e-03
1.019081566482782364e-03
1.008120947517454624e-03
9.517545113340020180e-04
8.345989044755697250e-04
9.372170316055417061e-04
1.024389406666159630e-03
7.640129188075661659e-04
7.640129188075661659e-04
1.002457225695252419e-03
9.654544992372393608e-04
1.002457225695252419e-03
7.045024540275335312e-04
1.008120947517454624e-03
8.345989044755697250e-04
9.295964264310896397e-04
9.050989174284040928e-04
9.654544992372393608e-04
1.002457225695252419e-03
1.013660454191267490e-03
9.135592845268547535e-04
8.776203030720353127e-04
8.345989044755697250e-04
8.092607022263109684e-04
9.050989174284040928e-04
9.217173792421817780e-04
9.372170316055417061e-04
8.345989044755697250e-04
9.907293133437633514e-04
8.676448487676680088e-04
1.013660454191267490e-03
9.587023523636162281e-04
7.802830659784376621e-04
7.952995365485548973e-04
7.952995365485548973e-04
7.462255889549851418e-04
9.295964264310896397e-04
8.223199401982128620e-04
7.265604217536747456e-04
9.587023523636162281e-04
8.461949764750897884e-04
8.871619938872754574e-04
9.587023523636162281e-04
7.640129188075661659e-04
8.223199401982128620e-04
8.461949764750897884e-04
7.045024540275335312e-04
7.952995365485548973e-04
1.019081566482782364e-03
7.802830659784376621e-04
8.461949764750897884e-04
1.013660454191267490e-03
8.461949764750897884e-04
9.050989174284040928e-04
9.966621873900294304e-04
8.223199401982128620e-04
7.640129188075661659e-04
9.372170316055417061e-04
9.295964264310896397e-04
9.217173792421817780e-04
9.587023523636162281e-04
7.265604217536747456e-04
8.676448487676680088e-04
9.445975883863866329e-04
8.776203030720353127e-04
7.802830659784376621e-04
8.092607022263109684e-04
9.587023523636162281e-04
8.571882499381899834e-04
9.217173792421817780e-04
8.963098516687750816e-04
8.345989044755697250e-04
1.024389406666159630e-03
9.217173792421817780e-04
9.445975883863866329e-04
8.223199401982128620e-04
8.871619938872754574e-04
7.265604217536747456e-04
8.963098516687750816e-04
8.223199401982128620e-04
8.676448487676680088e-04
8.461949764750897884e-04
1.008120947517454624e-03
8.676448487676680088e-04
1.013660454191267490e-03
8.676448487676680088e-04
9.587023523636162281e-04
9.654544992372393608e-04
8.223199401982128620e-04
9.295964264310896397e-04
7.265604217536747456e-04
6.133049027994275093e-04
8.345989044755697250e-04
7.802830659784376621e-04
8.963098516687750816e-04
8.223199401982128620e-04
7.265604217536747456e-04
7.462255889549851418e-04
9.135592845268547535e-04
9.050989174284040928e-04
9.135592845268547535e-04
8.461949764750897884e-04
9.517545113340020180e-04
8.776203030720353127e-04
8.461949764750897884e-04
9.587023523636162281e-04
9.784182766452431679e-04
9.587023523636162281e-04
9.217173792421817780e-04
9.445975883863866329e-04
8.963098516687750816e-04
8.092607022263109684e-04
8.676448487676680088e-04
8.871619938872754574e-04
8.092607022263109684e-04
8.871619938872754574e-04
8.461949764750897884e-04
9.135592845268547535e-04
9.720227681100368500e-04
8.461949764750897884e-04
7.952995365485548973e-04
7.462255889549851418e-04
9.654544992372393608e-04
8.461949764750897884e-04
9.445975883863866329e-04
8.571882499381899834e-04
8.776203030720353127e-04
9.587023523636162281e-04
7.045024540275335312e-04
7.802830659784376621e-04
7.265604217536747456e-04
8.223199401982128620e-04
9.966621873900294304e-04
9.372170316055417061e-04
9.295964264310896397e-04
8.461949764750897884e-04
9.217173792421817780e-04
8.461949764750897884e-04
8.092607022263109684e-04
8.345989044755697250e-04
9.587023523636162281e-04
9.720227681100368500e-04
7.045024540275335312e-04
9.587023523636162281e-04
8.223199401982128620e-04
9.517545113340020180e-04
8.963098516687750816e-04
9.217173792421817780e-04
8.461949764750897884e-04
8.461949764750897884e-04
8.676448487676680088e-04
8.963098516687750816e-04
8.676448487676680088e-04
9.846508037298917770e-04
6.792759522795677185e-04
7.640129188075661659e-04
9.135592845268547535e-04
7.952995365485548973e-04
8.461949764750897884e-04
9.654544992372393608e-04
9.784182766452431679e-04
9.517545113340020180e-04
7.265604217536747456e-04
8.092607022263109684e-04
9.050989174284040928e-04
7.802830659784376621e-04
9.654544992372393608e-04
8.345989044755697250e-04
8.571882499381899834e-04
7.462255889549851418e-04
9.050989174284040928e-04
7.045024540275335312e-04
7.265604217536747456e-04
8.571882499381899834e-04
7.265604217536747456e-04
8.461949764750897884e-04
8.871619938872754574e-04
8.345989044755697250e-04
9.846508037298917770e-04
9.445975883863866329e-04
7.802830659784376621e-04
6.792759522795677185e-04
9.295964264310896397e-04
7.045024540275335312e-04
7.952995365485548973e-04
7.462255889549851418e-04
8.092607022263109684e-04
7.462255889549851418e-04
7.462255889549851418e-04
9.050989174284040928e-04
8.963098516687750816e-04
6.496272399090230465e-04
8.345989044755697250e-04
7.802830659784376621e-04
7.802830659784376621e-04
7.265604217536747456e-04
8.676448487676680088e-04
6.133049027994275093e-04
8.871619938872754574e-04
9.217173792421817780e-04
7.462255889549851418e-04
8.345989044755697250e-04
7.952995365485548973e-04
8.963098516687750816e-04
7.045024540275335312e-04
8.223199401982128620e-04
9.295964264310896397e-04
9.050989174284040928e-04
6.496272399090230465e-04
8.223199401982128620e-04
8.676448487676680088e-04
8.223199401982128620e-04
8.461949764750897884e-04
8.223199401982128620e-04
8.092607022263109684e-04
8.092607022263109684e-04
7.462255889549851418e-04
8.223199401982128620e-04
7.640129188075661659e-04
7.802830659784376621e-04
7.952995365485548973e-04
8.871619938872754574e-04
8.571882499381899834e-04
9.445975883863866329e-04
7.802830659784376621e-04
8.871619938872754574e-04
8.223199401982128620e-04
7.640129188075661659e-04
8.345989044755697250e-04
8.871619938872754574e-04
8.571882499381899834e-04
8.092607022263109684e-04
8.676448487676680088e-04
8.776203030720353127e-04
8.776203030720353127e-04
9.295964264310896397e-04
9.217173792421817780e-04
8.571882499381899834e-04
8.223199401982128620e-04
8.092607022263109684e-04
6.133049027994275093e-04
8.461949764750897884e-04
8.963098516687750816e-04
8.345989044755697250e-04
7.952995365485548973e-04
6.792759522795677185e-04
9.517545113340020180e-04
9.135592845268547535e-04
9.135592845268547535e-04
8.223199401982128620e-04
4.923253436572849751e-04
7.640129188075661659e-04
6.792759522795677185e-04
8.223199401982128620e-04
8.871619938872754574e-04
8.963098516687750816e-04
9.372170316055417061e-04
7.640129188075661659e-04
6.496272399090230465e-04
8.963098516687750816e-04
7.045024540275335312e-04
8.223199401982128620e-04
7.265604217536747456e-04
9.445975883863866329e-04
8.676448487676680088e-04
7.462255889549851418e-04
8.776203030720353127e-04
6.792759522795677185e-04
8.345989044755697250e-04
7.952995365485548973e-04
8.676448487676680088e-04
8.963098516687750816e-04
8.223199401982128620e-04
7.265604217536747456e-04
8.461949764750897884e-04
9.050989174284040928e-04
9.050989174284040928e-04
7.265604217536747456e-04
8.461949764750897884e-04
8.223199401982128620e-04
9.295964264310896397e-04
8.345989044755697250e-04
8.963098516687750816e-04
8.223199401982128620e-04
8.461949764750897884e-04
7.952995365485548973e-04
7.640129188075661659e-04
7.802830659784376621e-04
8.092607022263109684e-04
7.462255889549851418e-04
9.050989174284040928e-04
7.462255889549851418e-04
9.372170316055417061e-04
8.461949764750897884e-04
9.372170316055417061e-04
8.571882499381899834e-04
7.952995365485548973e-04
8.571882499381899834e-04
8.461949764750897884e-04
7.045024540275335312e-04
7.462255889549851418e-04
9.372170316055417061e-04
8.345989044755697250e-04
8.963098516687750816e-04
8.676448487676680088e-04
7.045024540275335312e-04
9.295964264310896397e-04
8.092607022263109684e-04
8.963098516687750816e-04
8.092607022263109684e-04
7.265604217536747456e-04
9.295964264310896397e-04
7.265604217536747456e-04
9.445975883863866329e-04
9.445975883863866329e-04
8.871619938872754574e-04
7.265604217536747456e-04
7.265604217536747456e-04
8.223199401982128620e-04
6.496272399090230465e-04
7.045024540275335312e-04
8.092607022263109684e-04
9.050989174284040928e-04
8.092607022263109684e-04
7.265604217536747456e-04
9.050989174284040928e-04
8.776203030720353127e-04
8.092607022263109684e-04
8.345989044755697250e-04
7.265604217536747456e-04
8.461949764750897884e-04
8.092607022263109684e-04
8.345989044755697250e-04
7.265604217536747456e-04
7.462255889549851418e-04
7.640129188075661659e-04
7.802830659784376621e-04
3.870517275572638027e-07
7.952995365485548973e-04
6.792759522795677185e-04
8.871619938872754574e-04
7.462255889549851418e-04
8.676448487676680088e-04
8.345989044755697250e-04
7.640129188075661659e-04
7.640129188075661659e-04
9.295964264310896397e-04
8.092607022263109684e-04
9.135592845268547535e-04
8.871619938872754574e-04
8.676448487676680088e-04
8.676448487676680088e-04
9.217173792421817780e-04
8.963098516687750816e-04
8.461949764750897884e-04
8.571882499381899834e-04
8.963098516687750816e-04
8.461949764750897884e-04
8.571882499381899834e-04
8.776203030720353127e-04
8.461949764750897884e-04
8.461949764750897884e-04
7.640129188075661659e-04
7.952995365485548973e-04
7.952995365485548973e-04
6.792759522795677185e-04
8.345989044755697250e-04
8.676448487676680088e-04
7.952995365485548973e-04
6.496272399090230465e-04
8.461949764750897884e-04
6.496272399090230465e-04
8.223199401982128620e-04
7.462255889549851418e-04
8.092607022263109684e-04
8.871619938872754574e-04
7.265604217536747456e-04
8.871619938872754574e-04
7.265604217536747456e-04
8.571882499381899834e-04
8.223199401982128620e-04
8.092607022263109684e-04
7.952995365485548973e-04
7.045024540275335312e-04
7.640129188075661659e-04
7.640129188075661659e-04
7.952995365485548973e-04
8.963098516687750816e-04
9.217173792421817780e-04
7.462255889549851418e-04
7.952995365485548973e-04
8.223199401982128620e-04
8.345989044755697250e-04
8.092607022263109684e-04
8.776203030720353127e-04
8.223199401982128620e-04
7.045024540275335312e-04
7.952995365485548973e-04
7.265604217536747456e-04
7.462255889549851418e-04
8.345989044755697250e-04
8.461949764750897884e-04
8.092607022263109684e-04
8.223199401982128620e-04
7.640129188075661659e-04
8.092607022263109684e-04
7.952995365485548973e-04
7.802830659784376621e-04
7.640129188075661659e-04
7.640129188075661659e-04
5.655332934111356735e-04
7.265604217536747456e-04
6.496272399090230465e-04
7.462255889549851418e-04
8.571882499381899834e-04
8.461949764750897884e-04
7.802830659784376621e-04
8.345989044755697250e-04
9.135592845268547535e-04
7.462255889549851418e-04
7.265604217536747456e-04
8.676448487676680088e-04
8.461949764750897884e-04
8.963098516687750816e-04
8.223199401982128620e-04
8.571882499381899834e-04
9.135592845268547535e-04
8.223199401982128620e-04
8.676448487676680088e-04
7.045024540275335312e-04
7.265604217536747456e-04
8.676448487676680088e-04
5.655332934111356735e-04
7.265604217536747456e-04
8.776203030720353127e-04
7.640129188075661659e-04
7.802830659784376621e-04
8.092607022263109684e-04
7.045024540275335312e-04
7.802830659784376621e-04
7.952995365485548973e-04
6.496272399090230465e-04
7.265604217536747456e-04
4.923253436572849751e-04
8.223199401982128620e-04
8.871619938872754574e-04
8.571882499381899834e-04
7.640129188075661659e-04
6.792759522795677185e-04
6.496272399090230465e-04
8.571882499381899834e-04
7.640129188075661659e-04
8.092607022263109684e-04
9.135592845268547535e-04
7.640129188075661659e-04
8.223199401982128620e-04
8.776203030720353127e-04
8.223199401982128620e-04
6.496272399090230465e-04
8.092607022263109684e-04
7.045024540275335312e-04
7.462255889549851418e-04
8.092607022263109684e-04
8.571882499381899834e-04
6.133049027994275093e-04
6.496272399090230465e-04
8.345989044755697250e-04
8.461949764750897884e-04
8.092607022263109684e-04
7.265604217536747456e-04
8.223199401982128620e-04
8.223199401982128620e-04
8.571882499381899834e-04
7.952995365485548973e-04
8.223199401982128620e-04
7.265604217536747456e-04
7.952995365485548973e-04
7.802830659784376621e-04
8.963098516687750816e-04
8.461949764750897884e-04
7.802830659784376621e-04
7.802830659784376621e-04
8.345989044755697250e-04
6.792759522795677185e-04
7.952995365485548973e-04
7.045024540275335312e-04
8.461949764750897884e-04
7.802830659784376621e-04
7.640129188075661659e-04
7.802830659784376621e-04
7.045024540275335312e-04
5.655332934111356735e-04
8.676448487676680088e-04
7.952995365485548973e-04
7.802830659784376621e-04
8.345989044755697250e-04
7.640129188075661659e-04
6.792759522795677185e-04
7.952995365485548973e-04
7.265604217536747456e-04
7.802830659784376621e-04
6.792759522795677185e-04
8.871619938872754574e-04
7.640129188075661659e-04
7.952995365485548973e-04
7.265604217536747456e-04
7.640129188075661659e-04
7.952995365485548973e-04
7.265604217536747456e-04
8.345989044755697250e-04
8.092607022263109684e-04
7.802830659784376621e-04
7.265604217536747456e-04
8.223199401982128620e-04
7.802830659784376621e-04
8.461949764750897884e-04
8.776203030720353127e-04
7.265604217536747456e-04
7.952995365485548973e-04
7.265604217536747456e-04
7.640129188075661659e-04
7.462255889549851418e-04
7.640129188075661659e-04
7.265604217536747456e-04
8.571882499381899834e-04
8.223199401982128620e-04
8.092607022263109684e-04
6.133049027994275093e-04
8.461949764750897884e-04
7.462255889549851418e-04
6.496272399090230465e-04
8.345989044755697250e-04
7.462255889549851418e-04
8.092607022263109684e-04
8.223199401982128620e-04
8.776203030720353127e-04
6.133049027994275093e-04
8.345989044755697250e-04
8.571882499381899834e-04
7.045024540275335312e-04
6.496272399090230465e-04
7.640129188075661659e-04
7.952995365485548973e-04
8.676448487676680088e-04
8.345989044755697250e-04
8.571882499381899834e-04
8.461949764750897884e-04
6.133049027994275093e-04
8.345989044755697250e-04
6.496272399090230465e-04
7.265604217536747456e-04
7.802830659784376621e-04
8.345989044755697250e-04
6.133049027994275093e-04
7.640129188075661659e-04
7.640129188075661659e-04
8.776203030720353127e-04
7.462255889549851418e-04
7.640129188075661659e-04
8.676448487676680088e-04
7.640129188075661659e-04
7.462255889549851418e-04
8.092607022263109684e-04
8.676448487676680088e-04
6.496272399090230465e-04
8.345989044755697250e-04
7.640129188075661659e-04
6.792759522795677185e-04
7.462255889549851418e-04
7.045024540275335312e-04
8.092607022263109684e-04
8.223199401982128620e-04
8.092607022263109684e-04
6.792759522795677185e-04
8.776203030720353127e-04
7.802830659784376621e-04
7.952995365485548973e-04
7.265604217536747456e-04
8.223199401982128620e-04
7.462255889549851418e-04
8.461949764750897884e-04
8.223199401982128620e-04
8.461949764750897884e-04
6.792759522795677185e-04
7.802830659784376621e-04
8.092607022263109684e-04
6.496272399090230465e-04
7.640129188075661659e-04
8.223199401982128620e-04
8.092607022263109684e-04
7.265604217536747456e-04
7.952995365485548973e-04
8.571882499381899834e-04
7.640129188075661659e-04
7.462255889549851418e-04
7.802830659784376621e-04
8.461949764750897884e-04
6.133049027994275093e-04
7.640129188075661659e-04
8.461949764750897884e-04
7.045024540275335312e-04
6.496272399090230465e-04
8.092607022263109684e-04
7.462255889549851418e-04
6.792759522795677185e-04
7.265604217536747456e-04
7.802830659784376621e-04
6.133049027994275093e-04
8.345989044755697250e-04
7.462255889549851418e-04
7.802830659784376621e-04
6.792759522795677185e-04
5.655332934111356735e-04
7.265604217536747456e-04
7.802830659784376621e-04
7.462255889549851418e-04
7.802830659784376621e-04
8.223199401982128620e-04
8.092607022263109684e-04
8.092607022263109684e-04
6.133049027994275093e-04
7.462255889549851418e-04
6.496272399090230465e-04
7.462255889549851418e-04
6.496272399090230465e-04
5.655332934111356735e-04
8.223199401982128620e-04
6.792759522795677185e-04
6.496272399090230465e-04
5.655332934111356735e-04
7.462255889549851418e-04
6.792759522795677185e-04
7.640129188075661659e-04
8.345989044755697250e-04
7.952995365485548973e-04
7.952995365485548973e-04
7.265604217536747456e-04
6.792759522795677185e-04
8.223199401982128620e-04
7.462255889549851418e-04
8.345989044755697250e-04
6.133049027994275093e-04
7.802830659784376621e-04
7.462255889549851418e-04
7.045024540275335312e-04
7.640129188075661659e-04
8.223199401982128620e-04
7.802830659784376621e-04
8.092607022263109684e-04
6.792759522795677185e-04
7.640129188075661659e-04
7.045024540275335312e-04
7.045024540275335312e-04
6.496272399090230465e-04
7.640129188075661659e-04
7.265604217536747456e-04
7.265604217536747456e-04
8.092607022263109684e-04
6.496272399090230465e-04
7.952995365485548973e-04
8.345989044755697250e-04
7.462255889549851418e-04
7.045024540275335312e-04
6.792759522795677185e-04
7.045024540275335312e-04
7.640129188075661659e-04
4.923253436572849751e-04
6.792759522795677185e-04
8.223199401982128620e-04
7.045024540275335312e-04
7.045024540275335312e-04
8.092607022263109684e-04
7.640129188075661659e-04
6.133049027994275093e-04
7.462255889549851418e-04
7.045024540275335312e-04
7.640129188075661659e-04
6.496272399090230465e-04
7.640129188075661659e-04
7.045024540275335312e-04
6.496272399090230465e-04
7.802830659784376621e-04
7.462255889549851418e-04
7.045024540275335312e-04
7.802830659784376621e-04
8.092607022263109684e-04
4.923253436572849751e-04
8.223199401982128620e-04
7.640129188075661659e-04
7.802830659784376621e-04
6.133049027994275093e-04
8.345989044755697250e-04
7.952995365485548973e-04
7.462255889549851418e-04
7.045024540275335312e-04
7.640129188075661659e-04
6.792759522795677185e-04
7.802830659784376621e-04
7.045024540275335312e-04
7.952995365485548973e-04
5.655332934111356735e-04
7.045024540275335312e-04
6.133049027994275093e-04
3.870517275572638027e-07
8.092607022263109684e-04
6.792759522795677185e-04
7.265604217536747456e-04
6.792759522795677185e-04
7.640129188075661659e-04
7.802830659784376621e-04
7.640129188075661659e-04
7.265604217536747456e-04
5.655332934111356735e-04
7.265604217536747456e-04
6.133049027994275093e-04
7.640129188075661659e-04
6.496272399090230465e-04
7.462255889549851418e-04
4.923253436572849751e-04
6.496272399090230465e-04
6.496272399090230465e-04
6.496272399090230465e-04
6.133049027994275093e-04
6.496272399090230465e-04
7.462255889549851418e-04
7.265604217536747456e-04
6.792759522795677185e-04
7.265604217536747456e-04
6.792759522795677185e-04
4.923253436572849751e-04
6.496272399090230465e-04
7.640129188075661659e-04
6.496272399090230465e-04
7.802830659784376621e-04
3.870517275572638027e-07
7.045024540275335312e-04
7.265604217536747456e-04
6.792759522795677185e-04
7.045024540275335312e-04
6.792759522795677185e-04
6.133049027994275093e-04
7.045024540275335312e-04
7.802830659784376621e-04
7.265604217536747456e-04
7.952995365485548973e-04
8.092607022263109684e-04
7.802830659784376621e-04
7.265604217536747456e-04
7.462255889549851418e-04
7.045024540275335312e-04
6.133049027994275093e-04
3.870517275572638027e-07
7.045024540275335312e-04
6.792759522795677185e-04
7.462255889549851418e-04
6.133049027994275093e-04
6.792759522795677185e-04
7.802830659784376621e-04
7.045024540275335312e-04
7.640129188075661659e-04
6.792759522795677185e-04
7.045024540275335312e-04
6.792759522795677185e-04
7.045024540275335312e-04
7.802830659784376621e-04
6.496272399090230465e-04
6.792759522795677185e-04
6.133049027994275093e-04
7.462255889549851418e-04
7.265604217536747456e-04
6.792759522795677185e-04
7.265604217536747456e-04
7.045024540275335312e-04
7.462255889549851418e-04
6.792759522795677185e-04
7.640129188075661659e-04
7.952995365485548973e-04
7.462255889549851418e-04
6.792759522795677185e-04
6.792759522795677185e-04
7.640129188075661659e-04
5.655332934111356735e-04
5.655332934111356735e-04
7.802830659784376621e-04
6.792759522795677185e-04
7.265604217536747456e-04
6.133049027994275093e-04
7.640129188075661659e-04
6.133049027994275093e-04
6.792759522795677185e-04
5.655332934111356735e-04
7.640129188075661659e-04
7.265604217536747456e-04
7.265604217536747456e-04
7.462255889549851418e-04
7.640129188075661659e-04
7.265604217536747456e-04
7.265604217536747456e-04
6.496272399090230465e-04
6.792759522795677185e-04
7.265604217536747456e-04
7.045024540275335312e-04
7.265604217536747456e-04
6.133049027994275093e-04
6.496272399090230465e-04
4.923253436572849751e-04
7.045024540275335312e-04
6.133049027994275093e-04
6.792759522795677185e-04
7.640129188075661659e-04
7.462255889549851418e-04
4.923253436572849751e-04
7.640129188075661659e-04
6.496272399090230465e-04
6.496272399090230465e-04
5.655332934111356735e-04
7.462255889549851418e-04
5.655332934111356735e-04
4.923253436572849751e-04
5.655332934111356735e-04
6.792759522795677185e-04
7.265604217536747456e-04
7.045024540275335312e-04
7.045024540275335312e-04
7.265604217536747456e-04
7.265604217536747456e-04
7.462255889549851418e-04
7.640129188075661659e-04
6.133049027994275093e-04
7.045024540275335312e-04
7.640129188075661659e-04
6.496272399090230465e-04
6.496272399090230465e-04
4.923253436572849751e-04
6.792759522795677185e-04
7.462255889549851418e-04
7.640129188075661659e-04
6.792759522795677185e-04
6.133049027994275093e-04
7.265604217536747456e-04
6.792759522795677185e-04
7.462255889549851418e-04
6.792759522795677185e-04
6.792759522795677185e-04
7.265604217536747456e-04
7.045024540275335312e-04
7.045024540275335312e-04
7.640129188075661659e-04
6.133049027994275093e-04
7.265604217536747456e-04
7.462255889549851418e-04
6.133049027994275093e-04
7.045024540275335312e-04
6.792759522795677185e-04
6.496272399090230465e-04
7.265604217536747456e-04
7.640129188075661659e-04
6.133049027994275093e-04
7.045024540275335312e-04
7.265604217536747456e-04
6.133049027994275093e-04
6.792759522795677185e-04
6.792759522795677185e-04
7.640129188075661659e-04
7.462255889549851418e-04
6.792759522795677185e-04
7.045024540275335312e-04
4.923253436572849751e-04
5.655332934111356735e-04
7.045024540275335312e-04
7.045024540275335312e-04
6.496272399090230465e-04
7.045024540275335312e-04
4.923253436572849751e-04
5.655332934111356735e-04
5.655332934111356735e-04
7.462255889549851418e-04
6.792759522795677185e-04
6.496272399090230465e-04
6.133049027994275093e-04
6.496272399090230465e-04
6.133049027994275093e-04
6.133049027994275093e-04
6.792759522795677185e-04
6.496272399090230465e-04
6.496272399090230465e-04
6.792759522795677185e-04
7.045024540275335312e-04
6.792759522795677185e-04
6.496272399090230465e-04
7.462255889549851418e-04
5.655332934111356735e-04
4.923253436572849751e-04
6.792759522795677185e-04
5.655332934111356735e-04
7.045024540275335312e-04
7.045024540275335312e-04
6.496272399090230465e-04
6.792759522795677185e-04
5.655332934111356735e-04
5.655332934111356735e-04
6.133049027994275093e-04
6.496272399090230465e-04
6.133049027994275093e-04
6.496272399090230465e-04
6.792759522795677185e-04
5.655332934111356735e-04
7.045024540275335312e-04
6.496272399090230465e-04
7.045024540275335312e-04
7.045024540275335312e-04
5.655332934111356735e-04
7.045024540275335312e-04
7.045024540275335312e-04
6.133049027994275093e-04
6.496272399090230465e-04
4.923253436572849751e-04
6.133049027994275093e-04
4.923253436572849751e-04
5.655332934111356735e-04
6.133049027994275093e-04
6.133049027994275093e-04
6.792759522795677185e-04
6.496272399090230465e-04
6.792759522795677185e-04
6.133049027994275093e-04
6.133049027994275093e-04
5.655332934111356735e-04
6.496272399090230465e-04
6.496272399090230465e-04
6.496272399090230465e-04
6.133049027994275093e-04
5.655332934111356735e-04
5.655332934111356735e-04
6.496272399090230465e-04
4.923253436572849751e-04
6.133049027994275093e-04
6.133049027994275093e-04
5.655332934111356735e-04
5.655332934111356735e-04
6.496272399090230465e-04
6.792759522795677185e-04
6.133049027994275093e-04
6.496272399090230465e-04
5.655332934111356735e-04
6.133049027994275093e-04
6.133049027994275093e-04
6.133049027994275093e-04
6.133049027994275093e-04
5.655332934111356735e-04
4.923253436572849751e-04
3.870517275572638027e-07
6.496272399090230465e-04
4.923253436572849751e-04
6.792759522795677185e-04
6.133049027994275093e-04
4.923253436572849751e-04
5.655332934111356735e-04
6.133049027994275093e-04
4.923253436572849751e-04
5.655332934111356735e-04
6.133049027994275093e-04
6.496272399090230465e-04
