1.578562310896813869e-03
1.473918207921087742e-03
1.580788637511432171e-03
1.910305116325616837e-03
1.600826624780893326e-03
1.369274570606648922e-03
1.611959189176559448e-03
1.444974215701222420e-03
1.269083819352090359e-03
1.442748005501925945e-03
1.137722283601760864e-03
4.074427415616810322e-04
1.048664213158190250e-03
1.024172757752239704e-03
1.104325754567980766e-03
4.475190071389079094e-04
9.707377175800502300e-04
2.760814386419951916e-04
6.278624059632420540e-04
3.050253726541996002e-04
2.649491070769727230e-04
1.135496277129277587e-04
2.248727832920849323e-04
1.669846824370324612e-04
2.449108869768679142e-04
1.335877459496259689e-04
2.159669093089178205e-04
1.068701967597007751e-04
1.892493892228230834e-04
1.469465205445885658e-04
1.135496277129277587e-04
2.805343538057059050e-04
1.358142326353117824e-04
1.714376558084040880e-04
1.424936490366235375e-04
1.269084168598055840e-04
2.515902742743492126e-04
2.694019640330225229e-04
2.003816189244389534e-04
1.291348598897457123e-04
1.135496277129277587e-04
3.094782878179103136e-04
5.035629146732389927e-04
1.313612883677706122e-04
1.669846824370324612e-04
1.491730072302743793e-04
1.469465205445885658e-04
1.246819301741197705e-04
1.269084168598055840e-04
1.792544964700937271e-03
1.847964304033666849e-04
6.679387297481298447e-05
1.692111982265487313e-04
9.796434460440650582e-05
1.269084168598055840e-04
1.135496277129277587e-04
6.456742994487285614e-05
1.558524090796709061e-04
1.603052951395511627e-04
6.902035966049879789e-05
1.692111982265487313e-04
9.573790885042399168e-05
9.128498641075566411e-05
1.380407193209975958e-04
1.580788521096110344e-04
1.046437391778454185e-04
1.647582394070923328e-04
8.460559911327436566e-05
1.870228879852220416e-04
1.024173179757781327e-04
1.536259078420698643e-04
1.269084168598055840e-04
1.380407193209975958e-04
1.224555773660540581e-03
1.024173179757781327e-04
1.269084168598055840e-04
1.313612883677706122e-04
1.269084168598055840e-04
7.569975423393771052e-05
1.001908094622194767e-04
1.822994672693312168e-03
1.113231191993691027e-04
1.202289713546633720e-04
1.157760634669102728e-04
9.796434460440650582e-05
6.011448567733168602e-05
1.046437391778454185e-04
1.157760634669102728e-04
1.781169994501397014e-04
1.090966688934713602e-04
1.202289713546633720e-04
9.282756946049630642e-05
9.128498641075566411e-05
1.402671769028529525e-04
6.902035966049879789e-05
7.792620453983545303e-05
6.375280208885669708e-04
8.683204214321449399e-05
9.351144399261102080e-05
1.180025210487656295e-04
1.513995084678754210e-04
7.792620453983545303e-05
7.792620453983545303e-05
3.275184426456689835e-04
7.792620453983545303e-05
9.796434460440650582e-05
1.157760634669102728e-04
1.090966688934713602e-04
4.928011330775916576e-04
1.068701967597007751e-04
9.796434460440650582e-05
7.792620453983545303e-05
1.269084168598055840e-04
8.905849972506985068e-05
1.672144164331257343e-03
6.011448567733168602e-05
8.683204214321449399e-05
1.349203987047076225e-03
7.124682451831176877e-05
1.469465205445885658e-04
8.905849972506985068e-05
1.313612883677706122e-04
1.001908094622194767e-04
6.884117028675973415e-04
9.128498641075566411e-05
8.905849972506985068e-05
8.905849972506985068e-05
1.001908094622194767e-04
5.788803173345513642e-05
7.687305333092808723e-04
6.902035966049879789e-05
8.683204214321449399e-05
5.788803173345513642e-05
1.269084168598055840e-04
1.209101174026727676e-03
1.812964444980025291e-03
7.124682451831176877e-05
5.788803173345513642e-05
1.380407193209975958e-04
1.180025210487656295e-04
8.699710451764985919e-05
1.313612883677706122e-04
5.566155959968455136e-05
8.460559911327436566e-05
8.330952259711921215e-04
7.124682451831176877e-05
6.679387297481298447e-05
5.788803173345513642e-05
5.002735415473580360e-04
1.856296323239803314e-03
4.221519920974969864e-04
5.593763198703527451e-04
7.347326027229428291e-05
7.347326027229428291e-05
8.353844750672578812e-04
6.011448567733168602e-05
6.679387297481298447e-05
9.258283535018563271e-04
5.788803173345513642e-05
1.113231191993691027e-04
1.202289713546633720e-04
8.905849972506985068e-05
1.355163753032684326e-03
1.309769693762063980e-03
5.064152064733207226e-04
5.788803173345513642e-05
7.347326027229428291e-05
7.347326027229428291e-05
1.024173179757781327e-04
6.011448567733168602e-05
1.396033097989857197e-03
1.180025210487656295e-04
7.148599252104759216e-04
1.606514095328748226e-03
1.549979439005255699e-03
7.930353749543428421e-04
5.788803173345513642e-05
9.857109980657696724e-04
9.220690699294209480e-04
6.102399202063679695e-04
1.741952961310744286e-03
1.368933008052408695e-04
1.829569373512640595e-04
1.185146160423755646e-03
9.351144399261102080e-05
6.902035966049879789e-05
6.456742994487285614e-05
8.807854464976117015e-05
7.792620453983545303e-05
4.196987429168075323e-04
5.566155959968455136e-05
1.920899085234850645e-04
1.546389656141400337e-03
6.679387297481298447e-05
9.573790885042399168e-05
6.234096508705988526e-05
6.902035966049879789e-05
8.928038296289741993e-04
6.011448567733168602e-05
8.905849972506985068e-05
1.861437922343611717e-04
8.237911970354616642e-05
1.872643828392028809e-03
9.128498641075566411e-05
2.985128085128962994e-04
5.566155959968455136e-05
9.351144399261102080e-05
9.612345602363348007e-04
7.726437179371714592e-04
6.011448567733168602e-05
6.902035966049879789e-05
1.858679228462278843e-03
5.566155959968455136e-05
7.792620453983545303e-05
9.128498641075566411e-05
9.128498641075566411e-05
1.570426509715616703e-03
2.244039205834269524e-04
6.011448567733168602e-05
6.456742994487285614e-05
1.804222934879362583e-03
6.011448567733168602e-05
9.128498641075566411e-05
8.905849972506985068e-05
7.124682451831176877e-05
7.124682451831176877e-05
1.773849711753427982e-03
1.669445540755987167e-03
8.475104696117341518e-04
1.887963968329131603e-03
8.460559911327436566e-05
6.234096508705988526e-05
1.766293658874928951e-03
7.347326027229428291e-05
8.015264756977558136e-05
5.002735415473580360e-04
1.664795796386897564e-03
7.792620453983545303e-05
8.683204214321449399e-05
7.347326027229428291e-05
1.864501624368131161e-03
7.124682451831176877e-05
7.347326027229428291e-05
1.441971864551305771e-03
9.573790885042399168e-05
8.376263431273400784e-04
8.015264756977558136e-05
9.275301708839833736e-04
1.366250216960906982e-03
9.128498641075566411e-05
8.460559911327436566e-05
8.015264756977558136e-05
6.011448567733168602e-05
1.899838098324835300e-03
5.566155959968455136e-05
8.683204214321449399e-05
3.062342002522200346e-04
1.899838098324835300e-03
7.792620453983545303e-05
6.456742994487285614e-05
7.792620453983545303e-05
8.516740053892135620e-04
8.015264756977558136e-05
1.370240235701203346e-03
4.952875315211713314e-04
1.355163753032684326e-03
6.456742994487285614e-05
7.792620453983545303e-05
8.237911970354616642e-05
6.184492958709597588e-04
1.487844041548669338e-03
1.280407013837248087e-04
1.160165527835488319e-03
1.605040975846350193e-03
1.517771859653294086e-03
5.566155959968455136e-05
5.001383833587169647e-04
7.347326027229428291e-05
9.011347428895533085e-04
8.237911970354616642e-05
6.234096508705988526e-05
1.095906947739422321e-03
1.224312698468565941e-03
6.277539068832993507e-04
1.242438331246376038e-03
9.492352837696671486e-04
8.470345637761056423e-04
1.798649085685610771e-03
6.234096508705988526e-05
3.363656287547200918e-04
1.005366095341742039e-03
6.234096508705988526e-05
1.134128542616963387e-03
1.732198405079543591e-03
6.136697484180331230e-04
1.512873801402747631e-03
4.389366367831826210e-04
8.460559911327436566e-05
1.654933730605989695e-04
1.386995310895144939e-03
8.237911970354616642e-05
2.930778427980840206e-04
1.304847071878612041e-03
7.569975423393771052e-05
1.691908575594425201e-03
8.814532193355262280e-04
5.566155959968455136e-05
8.449575980193912983e-04
6.665470573352649808e-05
6.234096508705988526e-05
1.705141272395849228e-03
3.842633450403809547e-04
5.788803173345513642e-05
1.559722004458308220e-03
6.102399202063679695e-04
3.002044686581939459e-04
6.234096508705988526e-05
1.899838098324835300e-03
3.944336494896560907e-04
3.580883494578301907e-04
2.792328305076807737e-04
8.683204214321449399e-05
9.953217813745141029e-04
5.788803173345513642e-05
9.198642219416797161e-04
3.146215749438852072e-04
1.673327409662306309e-03
6.961648614378646016e-05
9.689521975815296173e-04
1.808513770811259747e-03
5.480519030243158340e-04
8.015264756977558136e-05
1.042911433614790440e-03
8.237911970354616642e-05
1.524723251350224018e-03
6.234096508705988526e-05
6.456742994487285614e-05
1.376469968818128109e-03
1.362991402857005596e-03
1.205933862365782261e-03
1.804937492124736309e-03
9.577349410392343998e-04
6.500878953374922276e-04
1.202479354105889797e-03
1.693306840024888515e-03
7.876117015257477760e-04
4.191530751995742321e-04
4.618920793291181326e-04
5.013821646571159363e-04
1.354093081317842007e-03
3.583204234018921852e-04
6.011448567733168602e-05
6.029281648807227612e-04
3.944336494896560907e-04
6.234096508705988526e-05
6.902035966049879789e-05
6.234096508705988526e-05
1.611401792615652084e-03
5.788803173345513642e-05
4.306267655920237303e-04
1.141167362220585346e-03
2.985128085128962994e-04
1.259697251953184605e-03
3.411655488889664412e-04
8.723903447389602661e-04
1.693075406365096569e-03
1.377808745019137859e-03
6.679387297481298447e-05
3.128349198959767818e-04
1.190553739434108138e-04
1.446111127734184265e-03
6.456742994487285614e-05
4.954612813889980316e-04
5.788803173345513642e-05
1.708286697976291180e-03
1.518871868029236794e-03
6.234096508705988526e-05
9.632516885176301003e-04
4.084461834281682968e-04
1.550792803755030036e-04
1.137271407060325146e-03
7.569975423393771052e-05
5.566155959968455136e-05
4.593326011672616005e-04
6.821720162406563759e-04
5.355441244319081306e-04
2.598897262942045927e-04
5.550545756705105305e-04
1.424980349838733673e-03
6.234096508705988526e-05
6.679387297481298447e-05
7.876117015257477760e-04
6.234096508705988526e-05
2.047537127509713173e-04
6.011448567733168602e-05
1.389542128890752792e-03
8.652551914565265179e-04
1.218777499161660671e-03
1.550590619444847107e-03
1.387593918479979038e-03
1.050714286975562572e-03
7.405973738059401512e-04
7.124682451831176877e-05
1.376735977828502655e-03
8.475104696117341518e-04
8.471827022731304169e-04
1.291945460252463818e-03
1.301335141761228442e-04
6.456742994487285614e-05
6.902035966049879789e-05
6.011448567733168602e-05
9.861103026196360588e-04
4.737685958389192820e-04
3.580883494578301907e-04
1.527148997411131859e-04
6.456742994487285614e-05
9.511235111858695745e-05
1.546689542010426521e-03
1.822994672693312168e-03
1.937229390023276210e-04
4.954612813889980316e-04
1.887963968329131603e-03
1.339267822913825512e-03
1.230260386364534497e-04
1.487844041548669338e-03
5.542750004678964615e-04
3.535131691023707390e-04
7.124682451831176877e-05
5.788803173345513642e-05
7.228981121443212032e-04
1.581565593369305134e-03
1.286034472286701202e-03
9.999291505664587021e-04
8.022949332371354103e-04
5.283585633151233196e-04
1.127687137341126800e-04
1.598963746801018715e-03
4.750997468363493681e-04
1.695935265161097050e-03
1.163130044005811214e-03
1.453490927815437317e-03
1.761276856996119022e-03
9.826278546825051308e-04
2.924665750470012426e-04
9.849875932559370995e-04
1.220738631673157215e-04
7.885860395617783070e-05
4.272669320926070213e-04
2.135981339961290359e-04
1.576512935571372509e-03
4.693148948717862368e-04
8.088091271929442883e-04
1.867371378466486931e-03
2.526428143028169870e-04
1.259561046026647091e-03
1.807808992452919483e-03
1.156378348241560161e-04
2.733772271312773228e-04
2.027209266088902950e-04
7.253013900481164455e-04
6.733550690114498138e-04
1.766293658874928951e-03
5.119791021570563316e-04
1.890496467240154743e-03
8.727319072932004929e-04
3.580883494578301907e-04
6.961648614378646016e-05
8.301992202177643776e-04
1.834084541769698262e-04
8.471827022731304169e-04
1.381198992021381855e-03
1.292092143557965755e-03
5.788803173345513642e-05
1.424980349838733673e-03
1.718509302008897066e-04
4.132736357860267162e-04
8.101023850031197071e-04
1.614391221664845943e-03
3.683442773763090372e-04
1.402644789777696133e-03
1.880713156424462795e-03
9.142974740825593472e-04
9.577349410392343998e-04
4.737685958389192820e-04
2.257676096633076668e-04
1.691597281023859978e-03
6.576227024197578430e-04
2.032332267845049500e-04
4.632355994544923306e-04
1.734180608764290810e-03
1.471529831178486347e-03
1.286034472286701202e-03
8.959815022535622120e-04
1.402644789777696133e-03
1.682151458226144314e-03
6.011448567733168602e-05
1.799206598661839962e-03
1.260373508557677269e-03
1.366250216960906982e-03
1.280407013837248087e-04
1.688840799033641815e-03
9.293896728195250034e-04
7.266543689183890820e-04
9.229216957464814186e-04
1.844516606070101261e-03
5.566155959968455136e-05
7.499070488847792149e-04
8.398911450058221817e-04
6.665470573352649808e-05
1.734180608764290810e-03
1.411625067703425884e-03
4.665463056880980730e-04
5.788803173345513642e-05
1.550720917293801904e-04
3.363656287547200918e-04
9.968944359570741653e-04
1.821592450141906738e-03
1.662265742197632790e-03
4.482417425606399775e-04
1.211138092912733555e-03
1.147592207416892052e-03
1.877671340480446815e-03
1.594567555002868176e-03
7.647973252460360527e-04
1.857487601228058338e-03
1.337684225291013718e-03
1.219635480083525181e-03
1.543270424008369446e-03
8.536749519407749176e-04
9.282756946049630642e-05
1.017870497889816761e-03
1.344485906884074211e-03
1.331203151494264603e-03
4.383589839562773705e-04
5.277725285850465298e-04
3.581475175451487303e-04
1.036128727719187737e-03
6.328021991066634655e-04
9.007083717733621597e-04
1.458627637475728989e-03
8.949235198087990284e-04
5.566155959968455136e-05
1.468760194256901741e-03
5.566155959968455136e-05
1.396033097989857197e-03
1.657603424973785877e-03
9.446236799703910947e-05
1.274898386327549815e-04
7.687305333092808723e-04
6.654057651758193970e-04
5.566155959968455136e-05
1.230260386364534497e-04
1.728529110550880432e-03
1.900688861496746540e-03
1.680185319855809212e-03
9.548609377816319466e-04
1.576512935571372509e-03
1.376735977828502655e-03
4.196987429168075323e-04
5.438165389932692051e-04
5.504483124241232872e-04
1.246463623829185963e-03
5.788803173345513642e-05
5.788803173345513642e-05
1.808473258279263973e-03
1.471529831178486347e-03
1.830654335208237171e-03
1.321003539487719536e-03
5.973919542157091200e-05
1.392958569340407848e-03
1.761276856996119022e-03
1.772610819898545742e-03
1.692033372819423676e-03
6.961648614378646016e-05
1.849944936111569405e-03
8.330952259711921215e-04
1.550792803755030036e-04
9.062649914994835854e-04
5.361284711398184299e-04
1.591665204614400864e-03
5.278027383610606194e-04
8.321963832713663578e-04
4.952875315211713314e-04
4.665463056880980730e-04
5.174861289560794830e-04
7.421249174512922764e-04
9.492352837696671486e-04
9.577349410392343998e-04
1.595970359630882740e-03
1.285536098293960094e-03
6.654057651758193970e-04
6.261831149458885193e-04
1.653507933951914310e-03
1.087841577827930450e-03
1.489512040279805660e-03
1.344256452284753323e-04
1.049236045219004154e-03
1.291945460252463818e-03
1.879925024695694447e-03
8.912238990887999535e-04
1.691597281023859978e-03
1.576512935571372509e-03
1.874133129604160786e-03
1.306498656049370766e-03
4.749027139041572809e-04
1.380555680952966213e-03
8.225060882978141308e-04
1.745645655319094658e-03
1.183387823402881622e-03
1.705141272395849228e-03
1.064482028596103191e-03
9.383499855175614357e-04
1.728529110550880432e-03
3.087314835283905268e-04
4.453123256098479033e-04
1.585079589858651161e-03
2.435006172163411975e-04
9.909935761243104935e-04
8.532514912076294422e-04
5.230619572103023529e-04
1.274898386327549815e-04
8.652551914565265179e-04
1.543341786600649357e-03
1.595970359630882740e-03
1.846776576712727547e-04
1.094399369321763515e-03
1.883148361230269074e-04
5.603097451967187226e-05
6.075804703868925571e-04
6.160766351968050003e-04
1.812513102777302265e-03
3.842633450403809547e-04
1.205933862365782261e-03
7.349996594712138176e-04
1.522194128483533859e-03
1.281012780964374542e-03
9.127657976932823658e-04
1.411625067703425884e-03
1.937229390023276210e-04
1.550720917293801904e-04
1.879925024695694447e-03
1.243947073817253113e-03
1.805865205824375153e-03
4.657662357203662395e-04
1.411625067703425884e-03
1.638327143155038357e-03
1.669445540755987167e-03
1.178627251647412777e-03
2.434922935208305717e-04
1.042515505105257034e-03
1.858966425061225891e-03
9.849875932559370995e-04
7.759122527204453945e-04
1.890496467240154743e-03
8.704352076165378094e-04
1.649996149353682995e-03
8.807854464976117015e-05
1.571213128045201302e-03
1.610270584933459759e-03
4.693148948717862368e-04
1.554913586005568504e-03
4.658415273297578096e-04
9.606252424418926239e-04
1.045290380716323853e-03
1.449567498639225960e-03
1.344485906884074211e-03
1.546389656141400337e-03
1.669445540755987167e-03
6.282778340391814709e-04
2.930778427980840206e-04
1.070179743692278862e-03
1.899375580251216888e-03
1.224555773660540581e-03
1.377232838422060013e-03
1.554913586005568504e-03
1.662265742197632790e-03
1.624132273718714714e-03
1.649573445320129395e-03
1.741952961310744286e-03
6.481815362349152565e-04
7.692628423683345318e-05
1.808473258279263973e-03
4.952875315211713314e-04
7.647973252460360527e-04
1.224312698468565941e-03
1.692933379672467709e-03
6.328021991066634655e-04
6.453734240494668484e-04
5.064152064733207226e-04
1.648384612053632736e-03
1.895836205221712589e-03
5.641405005007982254e-04
1.803463441319763660e-03
7.358699222095310688e-04
1.439891988411545753e-03
1.757858437485992908e-03
1.592295709997415543e-03
7.044057128950953484e-04
1.402243156917393208e-03
1.653642859309911728e-03
1.259697251953184605e-03
8.920632535591721535e-04
6.961648614378646016e-05
5.283585633151233196e-04
1.274898386327549815e-04
3.180248604621738195e-04
1.389542128890752792e-03
1.106888288632035255e-03
8.442290709353983402e-04
1.869188388809561729e-03
6.576227024197578430e-04
9.637491166358813643e-05
9.198642219416797161e-04
5.438165389932692051e-04
1.550590619444847107e-03
5.437273648567497730e-04
1.172146759927272797e-03
1.550792803755030036e-04
9.744117269292473793e-04
7.594532798975706100e-04
9.443000890314579010e-04
1.349203987047076225e-03
9.175236918963491917e-04
8.699710451764985919e-05
8.342693909071385860e-04
8.920632535591721535e-04
3.435053222347050905e-04
1.512873801402747631e-03
1.877671340480446815e-03
2.892397169489413500e-04
7.390454993583261967e-04
1.676953979767858982e-03
1.520335936220362782e-04
1.391253754263743758e-04
9.606252424418926239e-04
8.101023850031197071e-04
1.131114782765507698e-03
7.708937628194689751e-04
3.983067872468382120e-04
1.331919047515839338e-04
7.894978625699877739e-04
1.638327143155038357e-03
1.518242177553474903e-03
1.156378348241560161e-04
4.270832578185945749e-04
1.605004537850618362e-03
9.284653351642191410e-04
8.847801946103572845e-04
1.522194128483533859e-03
8.325699600391089916e-04
6.277539068832993507e-04
1.387593918479979038e-03
1.759742735885083675e-03
1.402644789777696133e-03
1.260596443898975849e-03
1.229737186804413795e-03
1.822994672693312168e-03
6.322491099126636982e-04
6.113822455517947674e-04
1.333749620243906975e-03
1.387593918479979038e-03
8.341502398252487183e-04
9.293896728195250034e-04
1.487844041548669338e-03
9.612345602363348007e-04
1.026541343890130520e-03
6.500878953374922276e-04
7.876117015257477760e-04
1.441971864551305771e-03
8.325699600391089916e-04
1.224555773660540581e-03
7.502219523303210735e-04
1.276992610655725002e-03
4.453123256098479033e-04
4.517755005508661270e-04
1.268975669518113136e-03
1.512873801402747631e-03
3.944336494896560907e-04
1.384124392643570900e-03
1.766293658874928951e-03
1.003832672722637653e-03
1.500663114711642265e-03
1.367953373119235039e-03
2.160043950425460935e-04
3.564644430298358202e-04
1.693306840024888515e-03
8.126705070026218891e-04
5.718437605537474155e-04
1.349203987047076225e-03
2.027209266088902950e-04
1.680185319855809212e-03
1.725053181871771812e-03
1.065441174432635307e-03
1.333401072770357132e-03
6.574373110197484493e-04
1.155520905740559101e-03
1.658174558542668819e-03
8.149464847519993782e-04
3.842633450403809547e-04
1.747398520819842815e-03
8.090196934062987566e-05
1.368586556054651737e-03
8.442290709353983402e-04
8.398911450058221817e-04
6.798584945499897003e-04
7.930353749543428421e-04
3.564644430298358202e-04
7.253013900481164455e-04
2.435006172163411975e-04
1.923540548887103796e-04
1.134128542616963387e-03
1.081709051504731178e-03
8.807854464976117015e-05
7.957593188621103764e-04
5.024974816478788853e-04
8.694935240782797337e-04
1.315479312324896455e-04
1.688413554802536964e-03
1.224555773660540581e-03
7.726437179371714592e-04
5.718437605537474155e-04
1.883148361230269074e-04
6.277539068832993507e-04
4.954612813889980316e-04
1.301335141761228442e-04
9.198642219416797161e-04
1.576512935571372509e-03
1.160165527835488319e-03
1.131114782765507698e-03
1.005366095341742039e-03
1.673327409662306309e-03
1.164682325907051563e-03
1.491443836130201817e-03
1.396033097989857197e-03
8.044089918257668614e-05
9.142974740825593472e-04
1.581565593369305134e-03
5.064152064733207226e-04
1.693306840024888515e-03
1.387339434586465359e-03
1.391253754263743758e-04
6.379175465553998947e-04
1.877671340480446815e-03
1.243869424797594547e-03
7.904341327957808971e-04
1.218293677084147930e-03
1.155520905740559101e-03
1.056429115124046803e-03
7.223386783152818680e-04
5.176659324206411839e-04
2.605153422337025404e-04
1.899838098324835300e-03
1.331919047515839338e-04
9.661477524787187576e-04
2.705408260226249695e-04
9.369616745971143246e-04
6.136697484180331230e-04
4.750997468363493681e-04
9.548609377816319466e-04
1.612121355719864368e-03
1.550720917293801904e-04
1.121865003369748592e-03
4.737685958389192820e-04
1.559722004458308220e-03
5.973919542157091200e-05
7.876117015257477760e-04
9.220690699294209480e-04
1.130898599512875080e-03
1.603531884029507637e-03
1.869188388809561729e-03
1.277684234082698822e-03
7.894978625699877739e-04
9.284653351642191410e-04
1.692933379672467709e-03
1.254365197382867336e-04
1.077303197234869003e-03
1.260373508557677269e-03
1.527148997411131859e-04
1.864501624368131161e-03
7.727995980530977249e-04
1.782306208042427897e-04
8.149464847519993782e-04
3.875658439937978983e-04
5.603097451967187226e-05
1.276992610655725002e-03
1.614391221664845943e-03
1.086355186998844147e-03
1.793988165445625782e-03
9.229216957464814186e-04
6.055840058252215385e-04
1.494462369009852409e-03
1.077303197234869003e-03
1.333401072770357132e-03
1.761276856996119022e-03
7.856735028326511383e-04
1.333401072770357132e-03
6.884117028675973415e-04
3.875658439937978983e-04
7.154746563173830509e-04
4.749027139041572809e-04
1.806613756343722343e-03
1.713206991553306580e-03
6.576227024197578430e-04
1.042515505105257034e-03
6.955838762223720551e-04
4.658415273297578096e-04
6.934613920748233795e-04
1.094399369321763515e-03
1.718592364341020584e-03
1.254365197382867336e-04
1.582389231771230698e-03
1.887963968329131603e-03
1.144289970397949219e-03
1.718592364341020584e-03
5.500388215295970440e-04
1.514186267741024494e-03
8.949235198087990284e-04
5.898823146708309650e-04
1.050714286975562572e-03
1.376250642351806164e-03
1.174335018731653690e-03
3.564644430298358202e-04
1.331919047515839338e-04
1.812513102777302265e-03
1.331203151494264603e-03
1.867371378466486931e-03
6.054657278582453728e-04
7.785648340359330177e-04
1.490846159867942333e-03
4.891685675829648972e-04
1.509378344053402543e-04
1.864501624368131161e-03
4.891685675829648972e-04
6.322491099126636982e-04
6.955838762223720551e-04
5.734289879910647869e-04
1.407273113727569580e-03
1.681747147813439369e-03
1.682151458226144314e-03
1.190553739434108138e-04
2.007977600442245603e-04
1.118030981160700321e-03
1.722015906125307083e-03
1.077303197234869003e-03
7.694778614677488804e-04
1.825388986617326736e-03
4.551959864329546690e-04
9.861103026196360588e-04
9.857109980657696724e-04
1.581565593369305134e-03
8.240601746365427971e-04
1.350774196907877922e-03
3.842633450403809547e-04
3.169616393279284239e-04
5.386451375670731068e-04
1.070179743692278862e-03
1.502686529420316219e-03
1.238738652318716049e-03
1.661780988797545433e-03
1.518242177553474903e-03
1.788364956155419350e-03
9.930158266797661781e-04
1.781555358320474625e-03
1.174335018731653690e-03
1.117207692004740238e-03
8.149464847519993782e-04
1.367953373119235039e-03
4.132736357860267162e-04
7.594532798975706100e-04
2.261064801132306457e-04
1.793106086552143097e-03
1.211138092912733555e-03
1.782306208042427897e-04
4.692458605859428644e-04
6.113822455517947674e-04
1.524723251350224018e-03
1.402644789777696133e-03
1.001553144305944443e-03
7.084571989253163338e-04
1.611275481991469860e-03
4.272669320926070213e-04
3.199078491888940334e-04
9.612345602363348007e-04
1.385245821438729763e-03
8.652551914565265179e-04
1.478297053836286068e-03
7.687305333092808723e-04
4.270832578185945749e-04
1.133259283960796893e-04
1.682151458226144314e-03
6.333767669275403023e-04
3.535131691023707390e-04
7.156488136388361454e-04
1.864501624368131161e-03
2.974505478050559759e-04
7.421249174512922764e-04
1.503572333604097366e-03
9.284653351642191410e-04
1.887301332317292690e-03
1.605040975846350193e-03
1.862713135778903961e-03
2.987700863741338253e-04
1.664795796386897564e-03
9.608870022930204868e-04
1.314199762418866158e-03
5.952412539045326412e-05
1.706497569102793932e-04
1.803330844268202782e-03
8.044089918257668614e-05
9.637491166358813643e-05
1.407273113727569580e-03
1.004586578346788883e-03
4.181829572189599276e-04
2.551849174778908491e-04
4.618920793291181326e-04
1.350862206891179085e-03
1.183387823402881622e-03
7.044057128950953484e-04
1.164682325907051563e-03
1.772610819898545742e-03
8.755336166359484196e-04
1.260596443898975849e-03
1.286034472286701202e-03
1.239420380443334579e-04
1.030474086292088032e-03
1.923540548887103796e-04
7.647973252460360527e-04
6.261831149458885193e-04
1.745645655319094658e-03
1.562346587888896465e-03
1.402205438353121281e-03
1.531224581412971020e-03
1.713206991553306580e-03
1.846776576712727547e-04
5.122381844557821751e-04
1.487844041548669338e-03
1.799206598661839962e-03
8.706423686817288399e-04
8.949235198087990284e-04
1.669445540755987167e-03
5.176659324206411839e-04
1.243947073817253113e-03
2.809353754855692387e-04
6.562754424521699548e-05
1.857209485024213791e-03
1.042911433614790440e-03
1.239420380443334579e-04
8.376263431273400784e-04
6.955838762223720551e-04
1.559722004458308220e-03
1.360786263830959797e-03
1.813471899367868900e-03
1.403940143063664436e-03
4.750997468363493681e-04
1.155520905740559101e-03
7.687305333092808723e-04
6.012461963109672070e-04
1.591665204614400864e-03
6.654057651758193970e-04
1.301335141761228442e-04
3.700973757077008486e-04
1.246867002919316292e-03
1.937229390023276210e-04
2.021944674197584391e-04
4.306267655920237303e-04
1.661780988797545433e-03
2.605153422337025404e-04
1.852376386523246765e-03
4.270832578185945749e-04
1.528888824395835400e-03
8.376263431273400784e-04
8.126705070026218891e-04
1.326338970102369785e-03
9.670837898738682270e-04
1.402205438353121281e-03
8.814532193355262280e-04
1.605004537850618362e-03
6.188179831951856613e-04
1.821592450141906738e-03
1.792544964700937271e-03
2.605153422337025404e-04
1.273877802304923534e-03
1.231930800713598728e-03
8.916438673622906208e-04
1.858679228462278843e-03
1.044396194629371166e-03
1.156378348241560161e-04
1.638576271943747997e-03
1.661780988797545433e-03
1.289190840907394886e-03
1.487844041548669338e-03
1.609302475117146969e-03
1.518923789262771606e-03
1.243869424797594547e-03
7.390468963421881199e-04
7.785648340359330177e-04
1.286034472286701202e-03
6.453734240494668484e-04
3.087314835283905268e-04
3.495909913908690214e-04
1.673327409662306309e-03
1.691908575594425201e-03
3.875658439937978983e-04
9.953217813745141029e-04
7.904393714852631092e-05
1.131114782765507698e-03
1.885564066469669342e-03
1.055491971783339977e-03
1.224312698468565941e-03
7.936455222079530358e-05
9.142974740825593472e-04
1.719424733892083168e-03
1.074155676178634167e-03
1.877671340480446815e-03
1.220738631673157215e-04
1.528888824395835400e-03
8.519673137925565243e-04
1.130898599512875080e-03
1.455682562664151192e-03
2.733772271312773228e-04
2.682030026335269213e-04
9.930158266797661781e-04
7.044057128950953484e-04
1.761276856996119022e-03
1.008656457997858524e-03
1.494462369009852409e-03
1.081709051504731178e-03
1.117207692004740238e-03
8.022949332371354103e-04
4.632355994544923306e-04
1.380555680952966213e-03
8.959815022535622120e-04
1.030474086292088032e-03
1.304847071878612041e-03
1.539956079795956612e-03
1.677481108345091343e-03
9.383499855175614357e-04
5.283585633151233196e-04
2.705408260226249695e-04
1.301335141761228442e-04
5.472255288623273373e-04
7.904393714852631092e-05
1.872643828392028809e-03
6.333767669275403023e-04
8.250732789747416973e-04
1.518923789262771606e-03
1.349203987047076225e-03
1.380555680952966213e-03
1.394331920892000198e-03
1.598963746801018715e-03
3.526180807966738939e-04
9.127657976932823658e-04
7.421249174512922764e-04
1.411625067703425884e-03
1.632895320653915405e-03
2.866784052457660437e-04
1.368886674754321575e-03
4.225042939651757479e-04
1.133259283960796893e-04
8.847801946103572845e-04
1.850694767199456692e-03
1.142520923167467117e-03
4.928011330775916576e-04
1.804937492124736309e-03
1.305064652115106583e-03
3.983067872468382120e-04
1.377232838422060013e-03
6.160766351968050003e-04
1.142803812399506569e-03
1.202479354105889797e-03
1.150185009464621544e-03
1.224555773660540581e-03
1.547503052279353142e-03
2.551849174778908491e-04
9.717008215375244617e-04
1.018187147565186024e-03
1.086355186998844147e-03
3.983067872468382120e-04
1.003832672722637653e-03
5.952412539045326412e-05
2.873520425055176020e-04
1.402644789777696133e-03
1.370240235701203346e-03
1.368586556054651737e-03
1.026541343890130520e-03
2.873520425055176020e-04
1.796997385099530220e-03
1.695935265161097050e-03
6.282778340391814709e-04
1.722491579130291939e-03
8.562535513192415237e-04
9.175236918963491917e-04
1.680483255768194795e-04
1.057380111888051033e-03
9.744117269292473793e-04
1.850694767199456692e-03
1.887301332317292690e-03
1.396974897943437099e-03
1.376735977828502655e-03
6.188179831951856613e-04
4.868976247962564230e-04
1.491443836130201817e-03
9.039775468409061432e-04
1.995299535337835550e-04
1.539972727186977863e-04
4.093830648344010115e-04
1.463392633013427258e-03
7.395862485282123089e-04
1.524723251350224018e-03
1.487844041548669338e-03
1.520335936220362782e-04
1.808513770811259747e-03
