5.175578850199375218e-04
9.630678102809780159e-04
5.036211948365555864e-03
1.823671904787870727e-03
3.368997867318750117e-03
1.777777758925503737e-03
4.364364389562424553e-04
1.302544698814294777e-04
9.339491992986903969e-04
5.090015457989381913e-04
3.364026431135467600e-03
1.986296191164213173e-03
4.827295635642219092e-03
2.733462597691944419e-03
4.381105308535691509e-03
6.200928402838863478e-04
1.716583866142324570e-03
7.666264510632450277e-03
4.641996349498444304e-04
1.374136776238214308e-03
4.057147500414325959e-03
1.273591126837678340e-02
1.893826474688445165e-03
9.449509441338019115e-04
1.900311945720918258e-03
3.847210061848468834e-03
4.548703385378100495e-04
2.009130221355869342e-02
4.380077968642137436e-03
2.191544479832711455e-03
1.334347498777582004e-03
1.042549695561997142e-03
2.837327737867396255e-03
6.466936537456462533e-03
8.165081775201669598e-03
1.139968859549857390e-02
2.077503462215265270e-03
1.484447810824998572e-03
2.768439259384890879e-03
2.616379973070157711e-03
1.201357978823266049e-03
1.259142979993446406e-03
1.017651785607641933e-03
1.291456265631913888e-02
8.055858761491198816e-04
6.608133260690072369e-03
9.807143259488093276e-04
6.224221499739954330e-04
3.285092128087317535e-03
7.273603267707063344e-04
1.819854562999182086e-03
1.198510769219030556e-03
2.066031036645345903e-03
5.666821008720990781e-03
6.007561593874316715e-04
2.734252501079984746e-03
6.823955730300247831e-03
2.310045094824409329e-03
1.502642975239644463e-03
9.786769294343477827e-04
5.775595174308361919e-04
1.301382309040066340e-03
5.819504947575355287e-04
4.075070025376401690e-04
1.502729852332036070e-03
1.723883693021392499e-03
5.017239109897136040e-04
4.867647103941831932e-04
2.188036286612055677e-03
1.284017749405539331e-02
5.803551892574408374e-04
7.840219062034512344e-04
9.916130772919943322e-04
9.032047450363881683e-04
3.099362747948667340e-04
1.075432869748514176e-03
4.089874768057632538e-04
2.221359563940154564e-03
1.301114135781358296e-03
7.902998826662202287e-04
5.022821491374400600e-03
1.292025196594154832e-03
1.202451330481505440e-03
1.694500656740182028e-03
2.219489373381366027e-03
2.753021959899978324e-04
3.647375163714314684e-03
1.535041422524896374e-03
6.406673245787988802e-03
3.365137590604823977e-03
7.541493395339153799e-04
6.695471394420378234e-04
3.496920478796157819e-03
5.944586394960953667e-04
1.255240183233152741e-03
3.207832070208371106e-03
9.016572797026989805e-04
7.093013485019545802e-04
2.138168026727625508e-03
7.996545924688708501e-04
4.100481165446927430e-03
1.753034895860246765e-03
1.567109819347016790e-03
3.662934090089490081e-04
2.146448982746915115e-03
5.886998621672178637e-04
4.257761011953870283e-04
1.315113804894903465e-03
3.268688908327311866e-03
8.847264737243187372e-04
3.859551836437814104e-03
2.749936447195653038e-03
2.152922770644019341e-03
7.507732747838834729e-03
1.737886613050052464e-03
3.664073957737383220e-03
2.679442819297443018e-03
1.902158668345853743e-04
3.221314521886993118e-03
1.427162750235494004e-03
9.019253961065699975e-04
1.526375617252204164e-03
8.474941995384089113e-03
6.341376239808793397e-04
3.357360745062081138e-04
7.062594508803636323e-04
1.897203208685659549e-03
3.239220730285667128e-03
9.298820603760172675e-04
4.484711630632291887e-04
4.024016844206578826e-03
2.802882761468887974e-03
2.139557386648288737e-03
1.491945203797843348e-03
8.793473742506253315e-04
1.327084955336537385e-03
3.749319009324211197e-04
1.222104598373027241e-03
1.688084066074499023e-03
2.041224727347740967e-03
2.642010062938730699e-04
6.883357960032016011e-04
8.768980901146114981e-04
6.076032648611578166e-04
1.223257510568215821e-02
3.819138957811207217e-04
1.082658244030959213e-02
2.748420407774019312e-04
1.433545690554106997e-03
2.579361763091653301e-03
1.100395737425677485e-03
1.797848054779693913e-03
1.777802797897039874e-03
1.428828244105647630e-03
4.812661597516936949e-04
1.254166684755010641e-03
4.144596402650039353e-04
3.392130565535599832e-03
5.031798042136229922e-03
1.624773041922852488e-03
5.607635724505020784e-04
1.951140848296007736e-03
5.235961017031894905e-03
5.068850342492364942e-03
9.505055844312706656e-04
2.147760427290482804e-03
1.492747152938120716e-03
1.907809396181380304e-02
1.983252188502389931e-03
7.568963284469592580e-03
2.169576443265815169e-02
2.502427770092230646e-03
6.882769328547914955e-03
5.326175945059072716e-04
4.681020384014598912e-03
1.137529483837344916e-04
2.509766461568184361e-03
4.209916698385511059e-03
5.428860845898146647e-04
1.054529676316249328e-03
1.956405096486396600e-03
4.446798328211533651e-04
1.047693870560561505e-03
1.974061971324438895e-03
2.381039111999106762e-03
9.296841824468991258e-04
1.389042031764615472e-02
1.771815613551886749e-04
3.021204122701582392e-03
5.334283915933070268e-03
3.320953587799229507e-04
1.781952514487454217e-03
1.146341236292081111e-03
2.551861603077370481e-03
6.911014322296917499e-03
7.497612375064179220e-03
2.095663690065784675e-03
3.438497550588484088e-03
2.467086129260661915e-03
3.640959469729937708e-03
4.374672907684363891e-03
1.347112524223665697e-03
3.224971762970381406e-03
1.916969791421671825e-03
2.583288470143450203e-03
3.336983937447617326e-03
1.697828481176412484e-03
1.204843038669317894e-03
8.095632735501052165e-04
5.666096047129185777e-03
1.410196876555077066e-03
1.622681215459434749e-03
2.197446035856721706e-03
1.184668743160440831e-02
2.437993452924206664e-03
2.053944554892353242e-03
2.333635344660655794e-02
7.711117335259690207e-04
9.327696539843464540e-04
1.098350505156391000e-03
1.875975399130219321e-03
3.171622341791919229e-03
4.600884780854475227e-03
4.623499537668681811e-03
5.249098678778256477e-03
2.085933181937460208e-03
1.482015481788210610e-03
1.557348527039553341e-03
2.100496827933055755e-03
4.313492099347131584e-03
1.290691039124131296e-03
9.175380578162813539e-04
3.595438326641179662e-03
1.814148534385325940e-03
2.645069759610210128e-03
1.242307234877724261e-03
1.603451282164002544e-03
6.684878249899555043e-03
2.258429598761593857e-03
1.727324778942089349e-03
6.455336283558544587e-03
5.349721871878487583e-04
1.460850664187508677e-03
2.094554725625844775e-03
4.333083002202139239e-03
1.044828717296905282e-03
6.120422891321897945e-04
1.718014559364663442e-03
2.637660933012804607e-03
4.463351622015863246e-04
1.426592207245993985e-03
2.125269085899572554e-03
5.777147619099768684e-03
1.412494047681053149e-03
1.178168778447732327e-03
4.567406609596422911e-04
1.045058380177180720e-03
1.272022733142604391e-03
1.203200418546414470e-02
6.053094411245683523e-04
8.308013296871196622e-04
1.212654429165203451e-03
1.637084835140202458e-03
3.040076234833234952e-03
3.292503532821775426e-03
1.930206588370988281e-03
5.025604588501585493e-03
2.778271948453824719e-03
4.239705711183153138e-04
1.453443736521678508e-03
1.242787770635263474e-03
1.290167330020163504e-02
1.607736969160497966e-03
2.483468312663711722e-03
6.060081718874601054e-04
6.376483521062968011e-04
3.431327017921603079e-04
1.387812842816473716e-03
1.922755325403769852e-03
2.565830182898508685e-04
2.899397153356834456e-04
1.646812854641942821e-03
4.399160332073127075e-04
3.270519976120933158e-03
1.137583051817350304e-04
5.601737346697272532e-04
5.401549923133137053e-03
1.543001537251715183e-04
2.787868187751254959e-04
2.570031573966864453e-03
2.119647434556048645e-04
2.337941955906069208e-03
3.645033670955046185e-04
7.749226869984294358e-04
5.079151646151282284e-04
2.874233665555404101e-03
1.001378198304365367e-04
5.429083828301629021e-04
2.909886877566915820e-03
8.361641611172690100e-03
2.962368917056314947e-03
1.478414155496340573e-03
4.722698546579082342e-03
1.101445836554256277e-02
4.465955307194518272e-04
1.265910155595131696e-03
4.333839428816166632e-04
2.677049987016736927e-03
2.378262281529661473e-03
3.366702877567600682e-03
4.154934376454928855e-04
5.004552416291559386e-04
7.962863435027757019e-04
1.502968039101723781e-02
3.694624534436097459e-03
3.945504917290803279e-04
1.360292149877522644e-03
9.668463004043912961e-04
7.048564031358873182e-04
3.959811021838788195e-04
4.881786725775714639e-03
2.026338865419692863e-03
3.312075622617412316e-03
8.113882760159228094e-04
2.403809612331055025e-03
1.816995277176633276e-03
5.240118946368063765e-04
8.594745245135330209e-04
3.273747098203924621e-03
1.241391283155195147e-02
1.927419527960952178e-03
6.405045209012917920e-04
3.570348957656337575e-03
4.549513073705349912e-04
7.520916651812245340e-04
1.037710451299751063e-02
3.873333544801668693e-03
1.137228834198567972e-03
1.108763724567757162e-03
6.403636400717406399e-04
5.951374187295885776e-04
1.930762813509688579e-03
5.987005107553135556e-04
9.720233442026351717e-04
1.399536087305026976e-03
3.635199142971267186e-03
4.104637700820154252e-04
1.845832199539474512e-03
1.047916063690530362e-03
1.083148824292650336e-03
4.386999656067548420e-04
2.596974515440703297e-03
1.611063142822909784e-03
1.722367131392884892e-03
4.332803952065230127e-03
4.349013141053272025e-03
8.697876541203890949e-03
8.669463943717883869e-03
4.038306159635220161e-03
9.013683942504432120e-04
1.145867695697846619e-03
1.316737806114447011e-03
5.143482209295147621e-03
6.630295499726969249e-04
4.030434594170504738e-03
6.075101701055618140e-04
1.184951636922521728e-03
2.768468523040516337e-03
7.042682426742695630e-03
7.251445256881370802e-03
