1.214457117021083832e-02
1.133949868381023407e-02
1.216169912368059158e-02
1.469681411981582642e-02
1.231586094945669174e-02
1.053442899137735367e-02
1.240150816738605499e-02
1.111682038754224777e-02
9.763617068529129028e-03
1.109969243407249451e-02
8.752995170652866364e-03
3.134635277092456818e-03
8.067833259701728821e-03
7.879409007728099823e-03
8.496061898767948151e-03
3.442959859967231750e-03
7.468310650438070297e-03
2.124015474691987038e-03
4.830420482903718948e-03
2.346693770959973335e-03
2.038369420915842056e-03
8.735870360396802425e-04
1.730044838041067123e-03
1.284686266444623470e-03
1.884206663817167282e-03
1.027749036438763142e-03
1.661528134718537331e-03
8.221992175094783306e-04
1.455978373996913433e-03
1.130523975007236004e-03
8.735870360396802425e-04
2.158273709937930107e-03
1.044878386892378330e-03
1.318944967351853848e-03
1.096266089007258415e-03
9.763619746081531048e-04
1.935594133101403713e-03
2.072627423331141472e-03
1.541623496450483799e-03
9.934910340234637260e-04
8.735870360396802425e-04
2.380952006205916405e-03
2.569372591096907854e-04
1.010619918815791607e-03
1.284686266444623470e-03
1.147653325460851192e-03
1.130523975007236004e-03
9.592326823621988297e-04
9.763619746081531048e-04
2.911956689786165953e-04
1.421719905920326710e-03
5.138745182193815708e-04
1.301815966144204140e-03
7.536826306022703648e-04
9.763619746081531048e-04
8.735870360396802425e-04
4.967455170117318630e-04
1.199040911160409451e-03
1.233298797160387039e-03
5.310038686729967594e-04
1.301815966144204140e-03
7.365536293946206570e-04
7.022953941486775875e-04
1.062007737345993519e-03
1.216169795952737331e-03
8.050701580941677094e-04
1.267557265236973763e-03
6.509079830721020699e-04
1.438849023543298244e-03
7.879412733018398285e-04
1.181911444291472435e-03
9.763619746081531048e-04
1.062007737345993519e-03
3.597122558858245611e-04
7.879412733018398285e-04
9.763619746081531048e-04
1.010619918815791607e-03
9.763619746081531048e-04
5.823913379572331905e-04
7.708117482252418995e-04
4.110996087547391653e-04
8.564575109630823135e-04
9.249741560779511929e-04
8.907159208320081234e-04
7.536826306022703648e-04
4.624870780389755964e-04
8.050701580941677094e-04
8.907159208320081234e-04
1.370332087390124798e-03
8.393284515477716923e-04
9.249741560779511929e-04
2.911956689786165953e-04
7.022953941486775875e-04
1.079136854968965054e-03
5.310038686729967594e-04
5.995204555802047253e-04
3.254539915360510349e-04
6.680369260720908642e-04
7.194245117716491222e-04
9.078450966626405716e-04
1.164782675914466381e-03
5.995204555802047253e-04
5.995204555802047253e-04
1.541624224046245217e-04
5.995204555802047253e-04
7.536826306022703648e-04
8.907159208320081234e-04
8.393284515477716923e-04
1.884206576505675912e-04
8.221992175094783306e-04
7.536826306022703648e-04
5.995204555802047253e-04
9.763619746081531048e-04
6.851660436950623989e-04
3.939706366509199142e-04
4.624870780389755964e-04
6.680369260720908642e-04
4.110996087547391653e-04
5.481330445036292076e-04
1.130523975007236004e-03
6.851660436950623989e-04
1.010619918815791607e-03
7.708117482252418995e-04
3.425830218475311995e-04
7.022953941486775875e-04
6.851660436950623989e-04
6.851660436950623989e-04
7.708117482252418995e-04
4.453579604160040617e-04
3.083246992900967598e-04
5.310038686729967594e-04
6.680369260720908642e-04
4.453579604160040617e-04
9.763619746081531048e-04
2.055498043773695827e-04
4.110996087547391653e-04
5.481330445036292076e-04
4.453579604160040617e-04
1.062007737345993519e-03
9.078450966626405716e-04
3.425830218475311995e-04
1.010619918815791607e-03
4.282287554815411568e-04
6.509079830721020699e-04
2.911956689786165953e-04
5.481330445036292076e-04
5.138745182193815708e-04
4.453579604160040617e-04
3.425830218475311995e-04
3.939706366509199142e-04
1.541624224046245217e-04
3.768413153011351824e-04
5.652619875036180019e-04
5.652619875036180019e-04
2.226789802080020308e-04
4.624870780389755964e-04
5.138745182193815708e-04
3.939706366509199142e-04
4.453579604160040617e-04
8.564575109630823135e-04
9.249741560779511929e-04
6.851660436950623989e-04
1.884206576505675912e-04
2.398081705905497074e-04
3.939706366509199142e-04
4.453579604160040617e-04
5.652619875036180019e-04
5.652619875036180019e-04
7.879412733018398285e-04
4.624870780389755964e-04
2.398081705905497074e-04
9.078450966626405716e-04
3.425830218475311995e-04
1.370332029182463884e-04
2.662435581441968679e-04
3.768413153011351824e-04
4.453579604160040617e-04
2.226789802080020308e-04
2.398081705905497074e-04
1.884206576505675912e-04
4.110996087547391653e-04
4.110996087547391653e-04
3.425830218475311995e-04
3.425830218475311995e-04
7.194245117716491222e-04
5.310038686729967594e-04
4.967455170117318630e-04
4.954239702783524990e-04
5.995204555802047253e-04
4.110996087547391653e-04
4.282287554815411568e-04
3.083246992900967598e-04
1.884206576505675912e-04
5.138745182193815708e-04
7.365536293946206570e-04
4.796163411810994148e-04
5.310038686729967594e-04
1.370332029182463884e-04
4.624870780389755964e-04
6.851660436950623989e-04
4.110996087547391653e-04
6.337786326184868813e-04
3.768413153011351824e-04
7.022953941486775875e-04
3.597122558858245611e-04
4.282287554815411568e-04
7.194245117716491222e-04
1.712915109237655997e-04
2.226789802080020308e-04
4.624870780389755964e-04
5.310038686729967594e-04
3.254539915360510349e-04
4.282287554815411568e-04
5.995204555802047253e-04
7.022953941486775875e-04
7.022953941486775875e-04
3.939706366509199142e-04
2.398081705905497074e-04
4.624870780389755964e-04
4.967455170117318630e-04
3.425830218475311995e-04
4.624870780389755964e-04
7.022953941486775875e-04
6.851660436950623989e-04
5.481330445036292076e-04
5.481330445036292076e-04
2.226789802080020308e-04
4.110996087547391653e-04
3.597122558858245611e-04
3.254539915360510349e-04
6.509079830721020699e-04
4.796163411810994148e-04
3.083246992900967598e-04
5.652619875036180019e-04
6.166493985801935196e-04
2.590741962194442749e-03
3.254539915360510349e-04
5.995204555802047253e-04
6.680369260720908642e-04
5.652619875036180019e-04
2.569372591096907854e-04
5.481330445036292076e-04
5.652619875036180019e-04
2.740665222518146038e-04
7.365536293946206570e-04
3.425830218475311995e-04
6.166493985801935196e-04
3.768413153011351824e-04
2.398081705905497074e-04
7.022953941486775875e-04
6.509079830721020699e-04
6.166493985801935196e-04
4.624870780389755964e-04
2.398081705905497074e-04
4.282287554815411568e-04
6.680369260720908642e-04
1.541624224046245217e-04
1.541624224046245217e-04
5.995204555802047253e-04
4.967455170117318630e-04
5.995204555802047253e-04
9.381382842548191547e-04
6.166493985801935196e-04
2.398081705905497074e-04
4.110996087547391653e-04
3.597122558858245611e-04
4.967455170117318630e-04
5.995204555802047253e-04
6.337786326184868813e-04
3.768413153011351824e-04
3.083246992900967598e-04
2.398081705905497074e-04
2.055498043773695827e-04
3.597122558858245611e-04
3.939706366509199142e-04
4.282287554815411568e-04
2.398081705905497074e-04
5.652619875036180019e-04
2.911956689786165953e-04
6.337786326184868813e-04
4.796163411810994148e-04
1.712915109237655997e-04
1.884206576505675912e-04
1.884206576505675912e-04
1.370332029182463884e-04
4.110996087547391653e-04
2.226789802080020308e-04
1.733089215122163296e-03
4.796163411810994148e-04
2.569372591096907854e-04
3.254539915360510349e-04
4.796163411810994148e-04
1.541624224046245217e-04
2.226789802080020308e-04
2.569372591096907854e-04
9.145293734036386013e-04
1.884206576505675912e-04
6.509079830721020699e-04
1.712915109237655997e-04
2.569372591096907854e-04
6.337786326184868813e-04
2.569372591096907854e-04
3.597122558858245611e-04
5.823913379572331905e-04
2.226789802080020308e-04
1.541624224046245217e-04
4.282287554815411568e-04
4.110996087547391653e-04
3.939706366509199142e-04
4.796163411810994148e-04
2.245128416689112782e-04
2.911956689786165953e-04
4.453579604160040617e-04
3.083246992900967598e-04
1.712915109237655997e-04
2.055498043773695827e-04
4.796163411810994148e-04
2.740665222518146038e-04
3.939706366509199142e-04
3.425830218475311995e-04
2.398081705905497074e-04
6.680369260720908642e-04
3.939706366509199142e-04
4.453579604160040617e-04
2.226789802080020308e-04
3.254539915360510349e-04
6.700586527585983276e-05
3.425830218475311995e-04
2.226789802080020308e-04
2.911956689786165953e-04
2.569372591096907854e-04
6.166493985801935196e-04
2.911956689786165953e-04
6.337786326184868813e-04
2.911956689786165953e-04
4.796163411810994148e-04
4.967455170117318630e-04
2.226789802080020308e-04
4.110996087547391653e-04
4.804447235073894262e-04
2.618419821374118328e-04
2.398081705905497074e-04
1.712915109237655997e-04
3.425830218475311995e-04
2.226789802080020308e-04
1.730531803332269192e-03
1.370332029182463884e-04
3.768413153011351824e-04
3.597122558858245611e-04
3.768413153011351824e-04
2.569372591096907854e-04
4.624870780389755964e-04
3.083246992900967598e-04
2.569372591096907854e-04
4.796163411810994148e-04
5.310038686729967594e-04
4.796163411810994148e-04
3.939706366509199142e-04
4.453579604160040617e-04
3.425830218475311995e-04
2.055498043773695827e-04
2.911956689786165953e-04
3.254539915360510349e-04
2.055498043773695827e-04
3.254539915360510349e-04
2.569372591096907854e-04
3.768413153011351824e-04
5.138745182193815708e-04
2.569372591096907854e-04
1.884206576505675912e-04
1.370332029182463884e-04
4.967455170117318630e-04
2.569372591096907854e-04
4.453579604160040617e-04
2.740665222518146038e-04
3.083246992900967598e-04
4.796163411810994148e-04
1.021795906126499176e-03
1.712915109237655997e-04
2.483270596712827682e-03
2.226789802080020308e-04
5.823913379572331905e-04
4.282287554815411568e-04
4.110996087547391653e-04
2.569372591096907854e-04
3.939706366509199142e-04
2.569372591096907854e-04
2.055498043773695827e-04
2.398081705905497074e-04
4.796163411810994148e-04
5.138745182193815708e-04
1.406155293807387352e-03
4.796163411810994148e-04
2.226789802080020308e-04
4.624870780389755964e-04
3.425830218475311995e-04
3.939706366509199142e-04
2.569372591096907854e-04
2.569372591096907854e-04
2.911956689786165953e-04
3.425830218475311995e-04
2.911956689786165953e-04
5.481330445036292076e-04
2.253740327432751656e-03
1.541624224046245217e-04
3.768413153011351824e-04
1.884206576505675912e-04
2.569372591096907854e-04
4.967455170117318630e-04
5.310038686729967594e-04
4.624870780389755964e-04
3.189898561686277390e-04
2.055498043773695827e-04
3.597122558858245611e-04
1.712915109237655997e-04
4.967455170117318630e-04
2.398081705905497074e-04
2.740665222518146038e-04
1.370332029182463884e-04
3.597122558858245611e-04
8.830497972667217255e-04
3.943700809031724930e-03
2.740665222518146038e-04
2.387948479736223817e-04
2.569372591096907854e-04
3.254539915360510349e-04
2.398081705905497074e-04
5.481330445036292076e-04
4.453579604160040617e-04
1.712915109237655997e-04
7.068872218951582909e-04
4.110996087547391653e-04
2.087089000269770622e-03
1.884206576505675912e-04
1.370332029182463884e-04
2.055498043773695827e-04
1.370332029182463884e-04
1.370332029182463884e-04
3.597122558858245611e-04
3.425830218475311995e-04
6.551642902195453644e-03
2.398081705905497074e-04
1.712915109237655997e-04
1.712915109237655997e-04
9.742274414747953415e-04
2.911956689786165953e-04
4.861042834818363190e-04
3.254539915360510349e-04
3.939706366509199142e-04
1.370332029182463884e-04
2.398081705905497074e-04
1.884206576505675912e-04
3.425830218475311995e-04
9.775636717677116394e-04
2.226789802080020308e-04
4.110996087547391653e-04
3.597122558858245611e-04
1.979092368856072426e-03
2.226789802080020308e-04
2.911956689786165953e-04
2.226789802080020308e-04
2.569372591096907854e-04
2.226789802080020308e-04
2.055498043773695827e-04
2.055498043773695827e-04
1.370332029182463884e-04
2.226789802080020308e-04
1.541624224046245217e-04
1.712915109237655997e-04
1.884206576505675912e-04
3.254539915360510349e-04
2.740665222518146038e-04
4.453579604160040617e-04
1.712915109237655997e-04
3.254539915360510349e-04
2.226789802080020308e-04
1.541624224046245217e-04
2.398081705905497074e-04
3.254539915360510349e-04
2.740665222518146038e-04
2.055498043773695827e-04
2.911956689786165953e-04
3.083246992900967598e-04
3.083246992900967598e-04
4.110996087547391653e-04
3.939706366509199142e-04
2.740665222518146038e-04
2.226789802080020308e-04
2.055498043773695827e-04
2.339956554351374507e-04
2.569372591096907854e-04
3.425830218475311995e-04
2.398081705905497074e-04
1.884206576505675912e-04
1.033542305231094360e-02
4.624870780389755964e-04
3.768413153011351824e-04
3.768413153011351824e-04
2.226789802080020308e-04
2.253211801871657372e-03
1.541624224046245217e-04
1.127380412071943283e-03
2.226789802080020308e-04
3.254539915360510349e-04
3.425830218475311995e-04
4.282287554815411568e-04
1.541624224046245217e-04
6.864187307655811310e-04
3.425830218475311995e-04
5.363113014027476311e-04
2.226789802080020308e-04
1.459585968405008316e-03
4.453579604160040617e-04
2.911956689786165953e-04
1.370332029182463884e-04
3.083246992900967598e-04
3.326739184558391571e-03
2.398081705905497074e-04
1.884206576505675912e-04
2.911956689786165953e-04
3.425830218475311995e-04
2.226789802080020308e-04
4.200303927063941956e-03
2.569372591096907854e-04
3.597122558858245611e-04
3.597122558858245611e-04
5.864258855581283569e-03
2.569372591096907854e-04
2.226789802080020308e-04
4.110996087547391653e-04
2.398081705905497074e-04
3.425830218475311995e-04
2.226789802080020308e-04
2.569372591096907854e-04
1.884206576505675912e-04
1.541624224046245217e-04
1.712915109237655997e-04
2.055498043773695827e-04
1.370332029182463884e-04
3.597122558858245611e-04
1.370332029182463884e-04
4.282287554815411568e-04
2.569372591096907854e-04
4.282287554815411568e-04
2.740665222518146038e-04
1.884206576505675912e-04
2.740665222518146038e-04
2.569372591096907854e-04
1.068715006113052368e-03
1.370332029182463884e-04
4.282287554815411568e-04
2.398081705905497074e-04
3.425830218475311995e-04
2.911956689786165953e-04
7.636337541043758392e-04
4.110996087547391653e-04
2.055498043773695827e-04
3.425830218475311995e-04
2.055498043773695827e-04
1.424148096702992916e-03
4.110996087547391653e-04
1.345925382338464260e-03
4.453579604160040617e-04
4.453579604160040617e-04
3.254539915360510349e-04
6.180058699101209641e-04
6.477318238466978073e-04
2.226789802080020308e-04
5.235032294876873493e-04
6.643544882535934448e-03
2.055498043773695827e-04
3.597122558858245611e-04
2.055498043773695827e-04
4.144117119722068310e-04
3.597122558858245611e-04
3.083246992900967598e-04
2.055498043773695827e-04
2.398081705905497074e-04
3.399374196305871010e-03
2.569372591096907854e-04
2.055498043773695827e-04
2.398081705905497074e-04
5.045017460361123085e-04
1.370332029182463884e-04
1.541624224046245217e-04
1.712915109237655997e-04
3.201881190761923790e-04
1.884206576505675912e-04
1.689926139079034328e-03
3.254539915360510349e-04
1.370332029182463884e-04
2.911956689786165953e-04
2.398081705905497074e-04
1.541624224046245217e-04
1.541624224046245217e-04
4.110996087547391653e-04
2.055498043773695827e-04
3.768413153011351824e-04
3.254539915360510349e-04
2.911956689786165953e-04
2.911956689786165953e-04
3.939706366509199142e-04
3.425830218475311995e-04
2.569372591096907854e-04
2.740665222518146038e-04
3.425830218475311995e-04
2.569372591096907854e-04
2.740665222518146038e-04
3.083246992900967598e-04
2.569372591096907854e-04
2.569372591096907854e-04
1.541624224046245217e-04
1.884206576505675912e-04
1.884206576505675912e-04
3.741706896107643843e-04
2.398081705905497074e-04
2.911956689786165953e-04
1.884206576505675912e-04
9.361745906062424183e-04
2.569372591096907854e-04
6.165411905385553837e-04
2.226789802080020308e-04
1.370332029182463884e-04
2.055498043773695827e-04
3.254539915360510349e-04
1.062813447788357735e-03
3.254539915360510349e-04
2.915141638368368149e-03
2.740665222518146038e-04
2.226789802080020308e-04
2.055498043773695827e-04
1.884206576505675912e-04
3.090426325798034668e-04
1.541624224046245217e-04
1.541624224046245217e-04
1.884206576505675912e-04
3.425830218475311995e-04
3.939706366509199142e-04
1.370332029182463884e-04
1.884206576505675912e-04
2.226789802080020308e-04
2.398081705905497074e-04
2.055498043773695827e-04
3.083246992900967598e-04
2.226789802080020308e-04
1.406561699695885181e-03
1.884206576505675912e-04
3.510398091748356819e-03
1.370332029182463884e-04
2.398081705905497074e-04
2.569372591096907854e-04
2.055498043773695827e-04
2.226789802080020308e-04
1.541624224046245217e-04
2.055498043773695827e-04
1.884206576505675912e-04
1.712915109237655997e-04
1.541624224046245217e-04
1.541624224046245217e-04
1.188339781947433949e-03
7.729937206022441387e-04
5.034537171013653278e-04
1.370332029182463884e-04
2.740665222518146038e-04
2.569372591096907854e-04
1.712915109237655997e-04
2.398081705905497074e-04
3.768413153011351824e-04
1.370332029182463884e-04
2.971097710542380810e-04
2.911956689786165953e-04
2.569372591096907854e-04
3.425830218475311995e-04
2.226789802080020308e-04
2.740665222518146038e-04
3.768413153011351824e-04
2.226789802080020308e-04
2.911956689786165953e-04
6.694606854580342770e-04
2.993685775436460972e-04
2.911956689786165953e-04
2.096308744512498379e-04
7.730384240858256817e-04
3.083246992900967598e-04
1.541624224046245217e-04
1.712915109237655997e-04
2.055498043773695827e-04
8.868050063028931618e-04
1.712915109237655997e-04
1.884206576505675912e-04
2.580981818027794361e-04
2.504028379917144775e-04
1.125575625337660313e-03
2.226789802080020308e-04
3.254539915360510349e-04
2.740665222518146038e-04
1.541624224046245217e-04
6.605279631912708282e-03
2.985479077324271202e-04
2.740665222518146038e-04
1.541624224046245217e-04
2.055498043773695827e-04
3.768413153011351824e-04
1.541624224046245217e-04
2.226789802080020308e-04
3.083246992900967598e-04
2.226789802080020308e-04
4.033187287859618664e-04
2.055498043773695827e-04
5.101083079352974892e-04
1.370332029182463884e-04
2.055498043773695827e-04
2.740665222518146038e-04
4.646290617529302835e-04
1.594382629264146090e-04
2.398081705905497074e-04
2.569372591096907854e-04
2.055498043773695827e-04
5.532271461561322212e-04
2.226789802080020308e-04
2.226789802080020308e-04
2.740665222518146038e-04
1.884206576505675912e-04
2.226789802080020308e-04
2.103924634866416454e-04
1.884206576505675912e-04
1.712915109237655997e-04
3.425830218475311995e-04
2.569372591096907854e-04
1.712915109237655997e-04
1.712915109237655997e-04
2.398081705905497074e-04
1.142717897891998291e-03
1.884206576505675912e-04
6.693226750940084457e-04
2.569372591096907854e-04
1.712915109237655997e-04
1.541624224046245217e-04
1.712915109237655997e-04
4.065482644364237785e-04
2.583853667601943016e-03
2.911956689786165953e-04
1.884206576505675912e-04
1.712915109237655997e-04
2.398081705905497074e-04
1.541624224046245217e-04
6.646471447311341763e-04
1.884206576505675912e-04
6.185683305375277996e-04
1.712915109237655997e-04
8.716896991245448589e-04
3.254539915360510349e-04
1.541624224046245217e-04
1.884206576505675912e-04
1.141755841672420502e-03
1.541624224046245217e-04
1.884206576505675912e-04
1.416217128280550241e-04
2.398081705905497074e-04
2.055498043773695827e-04
1.712915109237655997e-04
1.876292750239372253e-03
2.226789802080020308e-04
1.712915109237655997e-04
2.569372591096907854e-04
3.083246992900967598e-04
7.896602037362754345e-04
1.884206576505675912e-04
3.295738482847809792e-03
1.541624224046245217e-04
1.370332029182463884e-04
1.541624224046245217e-04
1.731103402562439442e-03
2.740665222518146038e-04
2.226789802080020308e-04
2.055498043773695827e-04
3.879515861626714468e-04
2.569372591096907854e-04
1.370332029182463884e-04
3.444302710704505444e-04
2.398081705905497074e-04
1.370332029182463884e-04
2.055498043773695827e-04
2.226789802080020308e-04
3.083246992900967598e-04
1.798895420506596565e-03
2.398081705905497074e-04
2.740665222518146038e-04
3.058030561078339815e-04
6.457241252064704895e-04
1.541624224046245217e-04
1.884206576505675912e-04
2.911956689786165953e-04
2.398081705905497074e-04
2.740665222518146038e-04
2.569372591096907854e-04
1.650181831791996956e-03
2.398081705905497074e-04
4.638330137822777033e-04
3.648807469289749861e-04
1.712915109237655997e-04
2.398081705905497074e-04
1.099922345019876957e-03
1.541624224046245217e-04
1.541624224046245217e-04
3.083246992900967598e-04
1.370332029182463884e-04
1.541624224046245217e-04
2.911956689786165953e-04
1.541624224046245217e-04
1.370332029182463884e-04
2.055498043773695827e-04
2.911956689786165953e-04
4.113604954909533262e-04
2.398081705905497074e-04
1.541624224046245217e-04
2.109380671754479408e-03
1.370332029182463884e-04
9.018010459840297699e-04
2.055498043773695827e-04
2.226789802080020308e-04
2.055498043773695827e-04
8.061569533310830593e-04
3.083246992900967598e-04
1.712915109237655997e-04
1.884206576505675912e-04
1.884296652860939503e-04
2.226789802080020308e-04
1.370332029182463884e-04
2.569372591096907854e-04
2.226789802080020308e-04
2.569372591096907854e-04
1.104182214476168156e-03
1.712915109237655997e-04
2.055498043773695827e-04
3.028406063094735146e-04
1.541624224046245217e-04
2.226789802080020308e-04
2.055498043773695827e-04
2.190289087593555450e-04
1.884206576505675912e-04
2.740665222518146038e-04
1.541624224046245217e-04
1.370332029182463884e-04
1.712915109237655997e-04
2.569372591096907854e-04
6.765244761481881142e-04
1.541624224046245217e-04
2.569372591096907854e-04
1.681488007307052612e-03
4.551234305836260319e-04
2.055498043773695827e-04
1.370332029182463884e-04
1.985441194847226143e-03
1.414629863575100899e-03
1.712915109237655997e-04
1.107512507587671280e-03
2.398081705905497074e-04
1.370332029182463884e-04
1.712915109237655997e-04
3.862148383632302284e-03
8.940083789639174938e-04
1.884883036836981773e-03
1.712915109237655997e-04
1.370332029182463884e-04
1.712915109237655997e-04
2.226789802080020308e-04
2.055498043773695827e-04
2.055498043773695827e-04
1.378366374410688877e-03
1.370332029182463884e-04
9.785137081053107977e-05
1.370332029182463884e-04
1.657117507420480251e-03
7.341650198213756084e-04
2.226789802080020308e-04
4.639709368348121643e-04
7.852023700252175331e-04
4.359703045338392258e-03
1.370332029182463884e-04
3.262148238718509674e-04
1.541624224046245217e-04
2.398081705905497074e-04
1.884206576505675912e-04
1.884206576505675912e-04
1.727102790027856827e-04
3.633159212768077850e-04
2.226789802080020308e-04
1.370332029182463884e-04
2.398081705905497074e-04
9.759644744917750359e-04
1.712915109237655997e-04
1.370332029182463884e-04
1.666328869760036469e-03
1.541624224046245217e-04
2.226789802080020308e-04
1.712915109237655997e-04
2.055498043773695827e-04
4.783524782396852970e-04
1.541624224046245217e-04
2.307037793798372149e-04
2.070045797154307365e-03
1.441866741515696049e-03
1.541624224046245217e-04
1.100637018680572510e-03
7.674905937165021896e-04
2.055498043773695827e-04
4.523562965914607048e-04
1.884206576505675912e-04
2.398081705905497074e-04
1.370332029182463884e-04
6.826826720498502254e-04
1.928735000547021627e-04
6.286784191615879536e-04
1.541624224046245217e-04
8.683888590894639492e-04
1.050052349455654621e-03
2.226789802080020308e-04
1.359110028715804219e-04
3.540955949574708939e-04
2.055498043773695827e-04
1.541624224046245217e-04
4.510963044594973326e-04
1.370332029182463884e-04
3.125649527646601200e-04
1.541624224046245217e-04
6.292715203016996384e-03
1.541624224046245217e-04
1.964652037713676691e-04
5.569440312683582306e-03
1.712915109237655997e-04
1.370332029182463884e-04
1.413850113749504089e-04
1.712915109237655997e-04
2.055498043773695827e-04
7.374485139735043049e-04
2.226789802080020308e-04
1.541624224046245217e-04
1.712915109237655997e-04
1.326882280409336090e-03
2.398081705905497074e-04
1.884206576505675912e-04
1.370332029182463884e-04
5.660685710608959198e-04
1.541624224046245217e-04
9.248539572581648827e-04
1.712915109237655997e-04
9.145422372967004776e-04
1.884206576505675912e-04
7.350217783823609352e-04
2.475742658134549856e-04
6.451719091273844242e-04
2.132074732799082994e-04
2.055498043773695827e-04
1.744989189319312572e-03
2.588471397757530212e-03
8.358202176168560982e-04
1.541624224046245217e-04
1.712915109237655997e-04
1.541624224046245217e-04
2.884695422835648060e-04
1.003711251541972160e-03
2.693497575819492340e-03
2.607531845569610596e-03
1.541624224046245217e-04
4.889616975560784340e-04
1.370332029182463884e-04
1.104856841266155243e-03
7.679030532017350197e-04
9.814205579459667206e-03
1.020230003632605076e-03
3.893646877259016037e-03
1.116079464554786682e-02
1.370332029182463884e-04
1.287305727601051331e-03
3.540653269737958908e-03
2.739906194619834423e-04
2.408023457974195480e-03
5.851710375281982124e-05
1.291080960072577000e-03
1.541624224046245217e-04
2.165676793083548546e-03
1.712915109237655997e-04
2.792729646898806095e-04
5.424740375019609928e-04
1.006419304758310318e-03
2.287534298375248909e-04
5.389575962908565998e-04
1.015502493828535080e-03
1.224860665388405323e-03
4.782507021445780993e-04
1.712915109237655997e-04
7.145548239350318909e-03
1.884206576505675912e-04
2.055498043773695827e-04
1.712915109237655997e-04
9.114622662309557199e-05
1.370332029182463884e-04
1.554176211357116699e-03
2.744077006354928017e-03
1.708374184090644121e-04
9.166769450530409813e-04
5.897040246054530144e-04
1.370332029182463884e-04
1.312735606916248798e-03
3.555183066055178642e-03
1.712915109237655997e-04
3.856942523270845413e-03
1.541624224046245217e-04
1.078057102859020233e-03
1.768841408193111420e-03
1.269125263206660748e-03
1.872992375865578651e-03
1.712915109237655997e-04
2.250431338325142860e-03
6.929853116162121296e-04
1.658998779021203518e-03
1.370332029182463884e-04
9.861328871920704842e-04
1.328902319073677063e-03
1.716620521619915962e-03
8.734016446396708488e-04
1.370332029182463884e-04
6.197986658662557602e-04
1.541624224046245217e-04
1.884206576505675912e-04
1.370332029182463884e-04
4.164577694609761238e-04
2.914768876507878304e-03
1.541624224046245217e-04
7.254373631440103054e-04
8.347441907972097397e-04
1.712915109237655997e-04
1.130416290834546089e-03
6.094205658882856369e-03
1.254159258678555489e-03
1.541624224046245217e-04
1.056595821864902973e-03
1.200475078076124191e-02
3.966774384025484324e-04
1.541624224046245217e-04
4.798379377461969852e-04
5.650164675898849964e-04
1.370332029182463884e-04
1.541624224046245217e-04
9.650444262661039829e-04
1.631554681807756424e-03
2.366799861192703247e-03
2.378433477133512497e-03
2.700255950912833214e-03
1.073051476851105690e-03
7.623824640177190304e-04
8.011354948394000530e-04
1.080543384887278080e-03
2.218958456069231033e-03
6.639608764089643955e-04
4.720024589914828539e-04
1.849575317464768887e-03
1.541624224046245217e-04
1.370332029182463884e-04
9.332392946816980839e-04
1.541624224046245217e-04
1.360684051178395748e-03
6.390711059793829918e-04
8.248518570326268673e-04
1.370332029182463884e-04
3.438853658735752106e-03
1.161787542514503002e-03
8.885751594789326191e-04
3.320771735161542892e-03
2.752018626779317856e-04
7.514948374591767788e-04
1.077486551366746426e-03
2.229036530479788780e-03
5.374836619012057781e-04
1.370332029182463884e-04
1.541624224046245217e-04
3.148484684061259031e-04
8.837857749313116074e-04
1.541624224046245217e-04
1.356872729957103729e-03
2.296049642609432340e-04
7.338714785873889923e-04
1.093286788091063499e-03
1.370332029182463884e-04
1.541624224046245217e-04
2.971896203234791756e-03
7.266190368682146072e-04
6.060768500901758671e-04
2.349577989662066102e-04
1.370332029182463884e-04
5.376018234528601170e-04
6.543574272654950619e-04
6.189536768943071365e-03
3.113849379587918520e-04
4.273831145837903023e-04
1.541624224046245217e-04
6.238170317374169827e-04
8.421537349931895733e-04
1.370332029182463884e-04
1.563884434290230274e-03
1.693738740868866444e-03
9.929421357810497284e-04
2.585285343229770660e-03
1.429206342436373234e-03
1.541624224046245217e-04
2.181001036660745740e-04
7.476845639757812023e-04
6.393183139152824879e-04
6.636914331465959549e-03
8.270564721897244453e-04
1.277552568353712559e-03
1.541624224046245217e-04
1.370332029182463884e-04
3.117443993687629700e-04
3.280208038631826639e-04
1.765152701409533620e-04
7.139225490391254425e-04
9.891090448945760727e-04
1.319921429967507720e-04
1.491515868110582232e-04
8.471580222249031067e-04
2.263028145534917712e-04
1.682429807260632515e-03
5.851985770277678967e-05
1.370332029182463884e-04
2.881661057472229004e-04
2.778680063784122467e-03
7.937550981296226382e-05
1.434142759535461664e-04
1.322082825936377048e-03
1.090394871425814927e-04
1.202690531499683857e-03
1.875088200904428959e-04
3.986378433182835579e-04
2.612831012811511755e-04
1.478571211919188499e-03
5.151317236595787108e-05
2.792844315990805626e-04
1.370332029182463884e-04
1.496911980211734772e-03
4.301418550312519073e-03
1.523909973911941051e-03
7.605298887938261032e-04
2.429463667795062065e-03
5.666088312864303589e-03
2.297389146406203508e-04
6.512129912152886391e-04
2.229425590485334396e-04
1.377135398797690868e-03
1.223432249389588833e-03
1.731908647343516350e-03
2.137392875738441944e-04
2.574455866124480963e-04
4.096277989447116852e-04
7.731609512120485306e-03
1.900598988868296146e-03
2.029657625826075673e-04
6.997652817517518997e-04
4.973677569068968296e-04
3.625941753853112459e-04
2.037016820395365357e-04
2.511302242055535316e-03
1.042394782416522503e-03
1.703807036392390728e-03
4.173965717200189829e-04
1.236574375070631504e-03
9.347037412226200104e-04
2.695636358112096786e-04
4.421332560013979673e-04
1.684090006165206432e-03
6.385998800396919250e-03
9.915084810927510262e-04
3.294901107437908649e-04
1.836668699979782104e-03
2.340373030165210366e-04
3.868930507451295853e-04
5.338218528777360916e-03
1.992530887946486473e-03
5.850163870491087437e-04
5.703733186237514019e-04
3.294176422059535980e-04
3.061522438656538725e-04
9.932282846421003342e-04
3.079851449001580477e-04
5.000309320166707039e-04
7.199531537480652332e-04
1.870029140263795853e-03
2.111519133904948831e-04
9.495380800217390060e-04
5.390718579292297363e-04
5.571964429691433907e-04
2.256772422697395086e-04
1.335942884907126427e-03
8.287675445899367332e-04
8.860248490236699581e-04
2.228893106803297997e-03
2.237231470644474030e-03
4.474385641515254974e-03
4.459769465029239655e-03
2.077396493405103683e-03
4.636844096239656210e-04
5.894604255445301533e-04
6.773599307052791119e-04
2.645924221724271774e-03
3.410774806980043650e-04
2.073347102850675583e-03
3.125170478597283363e-04
6.095661083236336708e-04
1.424163230694830418e-03
3.622916061431169510e-03
3.730308497324585915e-03
