7.656363770365715027e-03
7.347670383751392365e-03
7.662841584533452988e-03
8.584742434322834015e-03
7.720975670963525772e-03
7.030073553323745728e-03
7.753146346658468246e-03
7.260753307491540909e-03
6.716759409755468369e-03
7.254038006067276001e-03
6.290531251579523087e-03
3.397077787667512894e-03
5.990284495055675507e-03
5.905946251004934311e-03
6.179080810397863388e-03
3.593787550926208496e-03
5.719087086617946625e-03
2.689601387828588486e-03
4.403361119329929352e-03
2.855401486158370972e-03
2.623995067551732063e-03
1.578254159539937973e-03
2.378086792305111885e-03
1.989168347790837288e-03
2.503054914996027946e-03
1.739905099384486675e-03
2.321121515706181526e-03
1.521876663900911808e-03
2.144303405657410622e-03
1.842303550802171230e-03
1.578254159539937973e-03
2.715546172112226486e-03
1.757246907800436020e-03
2.020827727392315865e-03
1.808601315133273602e-03
1.687173848040401936e-03
2.543793525546789169e-03
2.650366630405187607e-03
2.219117479398846626e-03
1.704871305264532566e-03
1.578254159539937973e-03
2.880339277908205986e-03
7.573374896310269833e-04
1.722447341307997704e-03
1.989168347790837288e-03
1.859001233242452145e-03
1.842303550802171230e-03
1.669351011514663696e-03
1.687173848040401936e-03
8.164022001437842846e-04
2.113886410370469093e-03
1.147908973507583141e-03
2.005039714276790619e-03
1.444462803192436695e-03
1.687173848040401936e-03
1.578254159539937973e-03
1.124795875512063503e-03
1.908506499603390694e-03
1.941039110533893108e-03
1.170716946944594383e-03
2.005039714276790619e-03
1.424675458110868931e-03
1.384538947604596615e-03
1.774474978446960449e-03
1.924818847328424454e-03
1.502773491665720940e-03
1.973212463781237602e-03
1.322833122685551643e-03
2.129130996763706207e-03
1.483507105149328709e-03
1.892100553959608078e-03
1.687173848040401936e-03
1.774474978446960449e-03
9.267582790926098824e-04
1.483507105149328709e-03
1.687173848040401936e-03
1.722447341307997704e-03
1.687173848040401936e-03
1.237434218637645245e-03
1.464071567170321941e-03
1.004064455628395081e-03
1.559612574055790901e-03
1.633318956010043621e-03
1.596749643795192242e-03
1.444462803192436695e-03
1.077588647603988647e-03
1.502773491665720940e-03
1.596749643795192242e-03
2.067705849185585976e-03
1.540821860544383526e-03
1.633318956010043621e-03
8.164022001437842846e-04
1.384538947604596615e-03
1.791592221707105637e-03
1.170716946944594383e-03
1.259144744835793972e-03
8.727444801479578018e-04
1.343610929325222969e-03
1.404702547006309032e-03
1.615103334188461304e-03
1.875600079074501991e-03
1.259144744835793972e-03
1.259144744835793972e-03
5.574171082116663456e-04
1.259144744835793972e-03
1.444462803192436695e-03
1.596749643795192242e-03
1.540821860544383526e-03
6.287389551289379597e-04
1.521876663900911808e-03
1.444462803192436695e-03
1.259144744835793972e-03
1.687173848040401936e-03
1.364177092909812927e-03
9.787495946511626244e-04
1.077588647603988647e-03
1.343610929325222969e-03
1.004064455628395081e-03
1.193231903016567230e-03
1.842303550802171230e-03
1.364177092909812927e-03
1.722447341307997704e-03
1.464071567170321941e-03
9.000211721286177635e-04
1.384538947604596615e-03
1.364177092909812927e-03
1.364177092909812927e-03
1.464071567170321941e-03
1.053461921401321888e-03
8.448864100500941277e-04
1.170716946944594383e-03
1.343610929325222969e-03
1.053461921401321888e-03
1.687173848040401936e-03
6.624354864470660686e-04
1.004064455628395081e-03
1.193231903016567230e-03
1.053461921401321888e-03
1.774474978446960449e-03
1.615103334188461304e-03
9.000211721286177635e-04
1.722447341307997704e-03
1.028960803523659706e-03
1.322833122685551643e-03
8.164022001437842846e-04
1.193231903016567230e-03
1.147908973507583141e-03
1.053461921401321888e-03
9.000211721286177635e-04
9.787495946511626244e-04
5.574171082116663456e-04
9.529900853522121906e-04
1.215466763824224472e-03
1.215466763824224472e-03
6.950256647542119026e-04
1.077588647603988647e-03
1.147908973507583141e-03
9.787495946511626244e-04
1.053461921401321888e-03
1.559612574055790901e-03
1.633318956010043621e-03
1.364177092909812927e-03
6.287389551289379597e-04
7.266270113177597523e-04
9.787495946511626244e-04
1.053461921401321888e-03
1.215466763824224472e-03
1.215466763824224472e-03
1.483507105149328709e-03
1.077588647603988647e-03
7.266270113177597523e-04
1.615103334188461304e-03
9.000211721286177635e-04
5.193841061554849148e-04
3.426658513490110636e-04
9.529900853522121906e-04
1.053461921401321888e-03
6.950256647542119026e-04
7.266270113177597523e-04
6.287389551289379597e-04
1.004064455628395081e-03
1.004064455628395081e-03
9.000211721286177635e-04
9.000211721286177635e-04
1.404702547006309032e-03
1.170716946944594383e-03
1.124795875512063503e-03
2.883417764678597450e-04
1.259144744835793972e-03
1.004064455628395081e-03
1.028960803523659706e-03
8.448864100500941277e-04
6.287389551289379597e-04
1.147908973507583141e-03
1.424675458110868931e-03
1.101360656321048737e-03
1.170716946944594383e-03
5.193841061554849148e-04
1.077588647603988647e-03
1.364177092909812927e-03
1.004064455628395081e-03
1.301834709011018276e-03
9.529900853522121906e-04
1.384538947604596615e-03
9.267582790926098824e-04
1.028960803523659706e-03
1.404702547006309032e-03
5.937925307080149651e-04
6.950256647542119026e-04
1.077588647603988647e-03
1.170716946944594383e-03
8.727444801479578018e-04
1.028960803523659706e-03
1.259144744835793972e-03
1.384538947604596615e-03
1.384538947604596615e-03
9.787495946511626244e-04
7.266270113177597523e-04
1.077588647603988647e-03
1.124795875512063503e-03
9.000211721286177635e-04
1.077588647603988647e-03
1.384538947604596615e-03
1.364177092909812927e-03
1.193231903016567230e-03
1.193231903016567230e-03
6.950256647542119026e-04
1.004064455628395081e-03
9.267582790926098824e-04
8.727444801479578018e-04
1.322833122685551643e-03
1.101360656321048737e-03
8.448864100500941277e-04
1.215466763824224472e-03
1.280608121305704117e-03
4.793950647581368685e-04
8.727444801479578018e-04
1.259144744835793972e-03
1.343610929325222969e-03
1.215466763824224472e-03
7.573374896310269833e-04
1.193231903016567230e-03
1.215466763824224472e-03
7.872394635342061520e-04
1.424675458110868931e-03
9.000211721286177635e-04
1.280608121305704117e-03
9.529900853522121906e-04
7.266270113177597523e-04
1.384538947604596615e-03
1.322833122685551643e-03
1.280608121305704117e-03
1.077588647603988647e-03
7.266270113177597523e-04
1.028960803523659706e-03
1.343610929325222969e-03
5.574171082116663456e-04
5.574171082116663456e-04
1.259144744835793972e-03
1.124795875512063503e-03
1.259144744835793972e-03
4.370444221422076225e-04
1.280608121305704117e-03
7.266270113177597523e-04
1.004064455628395081e-03
9.267582790926098824e-04
1.124795875512063503e-03
1.259144744835793972e-03
1.301834709011018276e-03
9.529900853522121906e-04
8.448864100500941277e-04
7.266270113177597523e-04
6.624354864470660686e-04
9.267582790926098824e-04
9.787495946511626244e-04
1.028960803523659706e-03
7.266270113177597523e-04
1.215466763824224472e-03
8.164022001437842846e-04
1.301834709011018276e-03
1.101360656321048737e-03
5.937925307080149651e-04
6.287389551289379597e-04
6.287389551289379597e-04
5.193841061554849148e-04
1.004064455628395081e-03
6.950256647542119026e-04
4.793950647581368685e-04
1.101360656321048737e-03
7.573374896310269833e-04
8.727444801479578018e-04
1.101360656321048737e-03
5.574171082116663456e-04
6.950256647542119026e-04
7.573374896310269833e-04
4.370444221422076225e-04
6.287389551289379597e-04
1.322833122685551643e-03
5.937925307080149651e-04
7.573374896310269833e-04
1.301834709011018276e-03
7.573374896310269833e-04
9.267582790926098824e-04
1.237434218637645245e-03
6.950256647542119026e-04
5.574171082116663456e-04
1.028960803523659706e-03
1.004064455628395081e-03
9.787495946511626244e-04
1.101360656321048737e-03
4.793950647581368685e-04
8.164022001437842846e-04
1.053461921401321888e-03
8.448864100500941277e-04
5.937925307080149651e-04
6.624354864470660686e-04
1.101360656321048737e-03
7.872394635342061520e-04
9.787495946511626244e-04
9.000211721286177635e-04
7.266270113177597523e-04
1.343610929325222969e-03
9.787495946511626244e-04
1.053461921401321888e-03
6.950256647542119026e-04
8.727444801479578018e-04
4.793950647581368685e-04
9.000211721286177635e-04
6.950256647542119026e-04
8.164022001437842846e-04
7.573374896310269833e-04
1.280608121305704117e-03
8.164022001437842846e-04
1.301834709011018276e-03
8.164022001437842846e-04
1.101360656321048737e-03
1.124795875512063503e-03
6.950256647542119026e-04
1.004064455628395081e-03
4.793950647581368685e-04
2.883417764678597450e-04
7.266270113177597523e-04
5.937925307080149651e-04
9.000211721286177635e-04
6.950256647542119026e-04
4.793950647581368685e-04
5.193841061554849148e-04
9.529900853522121906e-04
9.267582790926098824e-04
9.529900853522121906e-04
7.573374896310269833e-04
1.077588647603988647e-03
8.448864100500941277e-04
7.573374896310269833e-04
1.101360656321048737e-03
1.170716946944594383e-03
1.101360656321048737e-03
9.787495946511626244e-04
1.053461921401321888e-03
9.000211721286177635e-04
6.624354864470660686e-04
8.164022001437842846e-04
8.727444801479578018e-04
6.624354864470660686e-04
8.727444801479578018e-04
7.573374896310269833e-04
9.529900853522121906e-04
1.147908973507583141e-03
7.573374896310269833e-04
6.287389551289379597e-04
5.193841061554849148e-04
1.124795875512063503e-03
7.573374896310269833e-04
1.053461921401321888e-03
7.872394635342061520e-04
8.448864100500941277e-04
1.101360656321048737e-03
4.370444221422076225e-04
5.937925307080149651e-04
4.793950647581368685e-04
6.950256647542119026e-04
1.237434218637645245e-03
1.028960803523659706e-03
1.004064455628395081e-03
7.573374896310269833e-04
9.787495946511626244e-04
7.573374896310269833e-04
6.624354864470660686e-04
7.266270113177597523e-04
1.101360656321048737e-03
1.147908973507583141e-03
4.370444221422076225e-04
1.101360656321048737e-03
6.950256647542119026e-04
1.077588647603988647e-03
9.000211721286177635e-04
9.787495946511626244e-04
7.573374896310269833e-04
7.573374896310269833e-04
8.164022001437842846e-04
9.000211721286177635e-04
8.164022001437842846e-04
1.193231903016567230e-03
3.917571448255330324e-04
5.574171082116663456e-04
9.529900853522121906e-04
6.287389551289379597e-04
7.573374896310269833e-04
1.124795875512063503e-03
1.170716946944594383e-03
1.077588647603988647e-03
4.793950647581368685e-04
6.624354864470660686e-04
9.267582790926098824e-04
5.937925307080149651e-04
1.124795875512063503e-03
7.266270113177597523e-04
7.872394635342061520e-04
5.193841061554849148e-04
9.267582790926098824e-04
4.370444221422076225e-04
4.793950647581368685e-04
7.872394635342061520e-04
4.793950647581368685e-04
7.573374896310269833e-04
8.727444801479578018e-04
7.266270113177597523e-04
1.193231903016567230e-03
1.053461921401321888e-03
5.937925307080149651e-04
3.917571448255330324e-04
1.004064455628395081e-03
4.370444221422076225e-04
6.287389551289379597e-04
5.193841061554849148e-04
6.624354864470660686e-04
5.193841061554849148e-04
5.193841061554849148e-04
9.267582790926098824e-04
9.000211721286177635e-04
3.426658513490110636e-04
7.266270113177597523e-04
5.937925307080149651e-04
5.937925307080149651e-04
4.793950647581368685e-04
8.164022001437842846e-04
2.883417764678597450e-04
8.727444801479578018e-04
9.787495946511626244e-04
5.193841061554849148e-04
7.266270113177597523e-04
6.287389551289379597e-04
9.000211721286177635e-04
4.370444221422076225e-04
6.950256647542119026e-04
1.004064455628395081e-03
9.267582790926098824e-04
3.426658513490110636e-04
6.950256647542119026e-04
8.164022001437842846e-04
6.950256647542119026e-04
7.573374896310269833e-04
6.950256647542119026e-04
6.624354864470660686e-04
6.624354864470660686e-04
5.193841061554849148e-04
6.950256647542119026e-04
5.574171082116663456e-04
5.937925307080149651e-04
6.287389551289379597e-04
8.727444801479578018e-04
7.872394635342061520e-04
1.053461921401321888e-03
5.937925307080149651e-04
8.727444801479578018e-04
6.950256647542119026e-04
5.574171082116663456e-04
7.266270113177597523e-04
8.727444801479578018e-04
7.872394635342061520e-04
6.624354864470660686e-04
8.164022001437842846e-04
8.448864100500941277e-04
8.448864100500941277e-04
1.004064455628395081e-03
9.787495946511626244e-04
7.872394635342061520e-04
6.950256647542119026e-04
6.624354864470660686e-04
2.883417764678597450e-04
7.573374896310269833e-04
9.000211721286177635e-04
7.266270113177597523e-04
6.287389551289379597e-04
3.917571448255330324e-04
1.077588647603988647e-03
9.529900853522121906e-04
9.529900853522121906e-04
6.950256647542119026e-04
1.491539878770709038e-04
5.574171082116663456e-04
3.917571448255330324e-04
6.950256647542119026e-04
8.727444801479578018e-04
9.000211721286177635e-04
1.028960803523659706e-03
5.574171082116663456e-04
3.426658513490110636e-04
9.000211721286177635e-04
4.370444221422076225e-04
6.950256647542119026e-04
4.793950647581368685e-04
1.053461921401321888e-03
8.164022001437842846e-04
5.193841061554849148e-04
8.448864100500941277e-04
3.917571448255330324e-04
7.266270113177597523e-04
6.287389551289379597e-04
8.164022001437842846e-04
9.000211721286177635e-04
6.950256647542119026e-04
4.793950647581368685e-04
7.573374896310269833e-04
9.267582790926098824e-04
9.267582790926098824e-04
4.793950647581368685e-04
7.573374896310269833e-04
6.950256647542119026e-04
1.004064455628395081e-03
7.266270113177597523e-04
9.000211721286177635e-04
6.950256647542119026e-04
7.573374896310269833e-04
6.287389551289379597e-04
5.574171082116663456e-04
5.937925307080149651e-04
6.624354864470660686e-04
5.193841061554849148e-04
9.267582790926098824e-04
5.193841061554849148e-04
1.028960803523659706e-03
7.573374896310269833e-04
1.028960803523659706e-03
7.872394635342061520e-04
6.287389551289379597e-04
7.872394635342061520e-04
7.573374896310269833e-04
4.370444221422076225e-04
5.193841061554849148e-04
1.028960803523659706e-03
7.266270113177597523e-04
9.000211721286177635e-04
8.164022001437842846e-04
4.370444221422076225e-04
1.004064455628395081e-03
6.624354864470660686e-04
9.000211721286177635e-04
6.624354864470660686e-04
4.793950647581368685e-04
1.004064455628395081e-03
4.793950647581368685e-04
1.053461921401321888e-03
1.053461921401321888e-03
8.727444801479578018e-04
4.793950647581368685e-04
4.793950647581368685e-04
6.950256647542119026e-04
3.426658513490110636e-04
4.370444221422076225e-04
6.624354864470660686e-04
9.267582790926098824e-04
6.624354864470660686e-04
4.793950647581368685e-04
9.267582790926098824e-04
8.448864100500941277e-04
6.624354864470660686e-04
7.266270113177597523e-04
4.793950647581368685e-04
7.573374896310269833e-04
6.624354864470660686e-04
7.266270113177597523e-04
4.793950647581368685e-04
5.193841061554849148e-04
5.574171082116663456e-04
5.937925307080149651e-04
7.247450388306667102e-14
6.287389551289379597e-04
3.917571448255330324e-04
8.727444801479578018e-04
5.193841061554849148e-04
8.164022001437842846e-04
7.266270113177597523e-04
5.574171082116663456e-04
5.574171082116663456e-04
1.004064455628395081e-03
6.624354864470660686e-04
9.529900853522121906e-04
8.727444801479578018e-04
8.164022001437842846e-04
8.164022001437842846e-04
9.787495946511626244e-04
9.000211721286177635e-04
7.573374896310269833e-04
7.872394635342061520e-04
9.000211721286177635e-04
7.573374896310269833e-04
7.872394635342061520e-04
8.448864100500941277e-04
7.573374896310269833e-04
7.573374896310269833e-04
5.574171082116663456e-04
6.287389551289379597e-04
6.287389551289379597e-04
3.917571448255330324e-04
7.266270113177597523e-04
8.164022001437842846e-04
6.287389551289379597e-04
3.426658513490110636e-04
7.573374896310269833e-04
3.426658513490110636e-04
6.950256647542119026e-04
5.193841061554849148e-04
6.624354864470660686e-04
8.727444801479578018e-04
4.793950647581368685e-04
8.727444801479578018e-04
4.793950647581368685e-04
7.872394635342061520e-04
6.950256647542119026e-04
6.624354864470660686e-04
6.287389551289379597e-04
4.370444221422076225e-04
5.574171082116663456e-04
5.574171082116663456e-04
6.287389551289379597e-04
9.000211721286177635e-04
9.787495946511626244e-04
5.193841061554849148e-04
6.287389551289379597e-04
6.950256647542119026e-04
7.266270113177597523e-04
6.624354864470660686e-04
8.448864100500941277e-04
6.950256647542119026e-04
4.370444221422076225e-04
6.287389551289379597e-04
4.793950647581368685e-04
5.193841061554849148e-04
7.266270113177597523e-04
7.573374896310269833e-04
6.624354864470660686e-04
6.950256647542119026e-04
5.574171082116663456e-04
6.624354864470660686e-04
6.287389551289379597e-04
5.937925307080149651e-04
5.574171082116663456e-04
5.574171082116663456e-04
2.260750625282526016e-04
4.793950647581368685e-04
3.426658513490110636e-04
5.193841061554849148e-04
7.872394635342061520e-04
7.573374896310269833e-04
5.937925307080149651e-04
7.266270113177597523e-04
9.529900853522121906e-04
5.193841061554849148e-04
4.793950647581368685e-04
8.164022001437842846e-04
7.573374896310269833e-04
9.000211721286177635e-04
6.950256647542119026e-04
7.872394635342061520e-04
9.529900853522121906e-04
6.950256647542119026e-04
8.164022001437842846e-04
4.370444221422076225e-04
4.793950647581368685e-04
8.164022001437842846e-04
2.260750625282526016e-04
4.793950647581368685e-04
8.448864100500941277e-04
5.574171082116663456e-04
5.937925307080149651e-04
6.624354864470660686e-04
4.370444221422076225e-04
5.937925307080149651e-04
6.287389551289379597e-04
3.426658513490110636e-04
4.793950647581368685e-04
1.491539878770709038e-04
6.950256647542119026e-04
8.727444801479578018e-04
7.872394635342061520e-04
5.574171082116663456e-04
3.917571448255330324e-04
3.426658513490110636e-04
7.872394635342061520e-04
5.574171082116663456e-04
6.624354864470660686e-04
9.529900853522121906e-04
5.574171082116663456e-04
6.950256647542119026e-04
8.448864100500941277e-04
6.950256647542119026e-04
3.426658513490110636e-04
6.624354864470660686e-04
4.370444221422076225e-04
5.193841061554849148e-04
6.624354864470660686e-04
7.872394635342061520e-04
2.883417764678597450e-04
3.426658513490110636e-04
7.266270113177597523e-04
7.573374896310269833e-04
6.624354864470660686e-04
4.793950647581368685e-04
6.950256647542119026e-04
6.950256647542119026e-04
7.872394635342061520e-04
6.287389551289379597e-04
6.950256647542119026e-04
4.793950647581368685e-04
6.287389551289379597e-04
5.937925307080149651e-04
9.000211721286177635e-04
7.573374896310269833e-04
5.937925307080149651e-04
5.937925307080149651e-04
7.266270113177597523e-04
3.917571448255330324e-04
6.287389551289379597e-04
4.370444221422076225e-04
7.573374896310269833e-04
5.937925307080149651e-04
5.574171082116663456e-04
5.937925307080149651e-04
4.370444221422076225e-04
2.260750625282526016e-04
8.164022001437842846e-04
6.287389551289379597e-04
5.937925307080149651e-04
7.266270113177597523e-04
5.574171082116663456e-04
3.917571448255330324e-04
6.287389551289379597e-04
4.793950647581368685e-04
5.937925307080149651e-04
3.917571448255330324e-04
8.727444801479578018e-04
5.574171082116663456e-04
6.287389551289379597e-04
4.793950647581368685e-04
5.574171082116663456e-04
6.287389551289379597e-04
4.793950647581368685e-04
7.266270113177597523e-04
6.624354864470660686e-04
5.937925307080149651e-04
4.793950647581368685e-04
6.950256647542119026e-04
5.937925307080149651e-04
7.573374896310269833e-04
8.448864100500941277e-04
4.793950647581368685e-04
6.287389551289379597e-04
4.793950647581368685e-04
5.574171082116663456e-04
5.193841061554849148e-04
5.574171082116663456e-04
4.793950647581368685e-04
7.872394635342061520e-04
6.950256647542119026e-04
6.624354864470660686e-04
2.883417764678597450e-04
7.573374896310269833e-04
5.193841061554849148e-04
3.426658513490110636e-04
7.266270113177597523e-04
5.193841061554849148e-04
6.624354864470660686e-04
6.950256647542119026e-04
8.448864100500941277e-04
2.883417764678597450e-04
7.266270113177597523e-04
7.872394635342061520e-04
4.370444221422076225e-04
3.426658513490110636e-04
5.574171082116663456e-04
6.287389551289379597e-04
8.164022001437842846e-04
7.266270113177597523e-04
7.872394635342061520e-04
7.573374896310269833e-04
2.883417764678597450e-04
7.266270113177597523e-04
3.426658513490110636e-04
4.793950647581368685e-04
5.937925307080149651e-04
7.266270113177597523e-04
2.883417764678597450e-04
5.574171082116663456e-04
5.574171082116663456e-04
8.448864100500941277e-04
5.193841061554849148e-04
5.574171082116663456e-04
8.164022001437842846e-04
5.574171082116663456e-04
5.193841061554849148e-04
6.624354864470660686e-04
8.164022001437842846e-04
3.426658513490110636e-04
7.266270113177597523e-04
5.574171082116663456e-04
3.917571448255330324e-04
5.193841061554849148e-04
4.370444221422076225e-04
6.624354864470660686e-04
6.950256647542119026e-04
6.624354864470660686e-04
3.917571448255330324e-04
8.448864100500941277e-04
5.937925307080149651e-04
6.287389551289379597e-04
4.793950647581368685e-04
6.950256647542119026e-04
5.193841061554849148e-04
7.573374896310269833e-04
6.950256647542119026e-04
7.573374896310269833e-04
3.917571448255330324e-04
5.937925307080149651e-04
6.624354864470660686e-04
3.426658513490110636e-04
5.574171082116663456e-04
6.950256647542119026e-04
6.624354864470660686e-04
4.793950647581368685e-04
6.287389551289379597e-04
7.872394635342061520e-04
5.574171082116663456e-04
5.193841061554849148e-04
5.937925307080149651e-04
7.573374896310269833e-04
2.883417764678597450e-04
5.574171082116663456e-04
7.573374896310269833e-04
4.370444221422076225e-04
3.426658513490110636e-04
6.624354864470660686e-04
5.193841061554849148e-04
3.917571448255330324e-04
4.793950647581368685e-04
5.937925307080149651e-04
2.883417764678597450e-04
7.266270113177597523e-04
5.193841061554849148e-04
5.937925307080149651e-04
3.917571448255330324e-04
2.260750625282526016e-04
4.793950647581368685e-04
5.937925307080149651e-04
5.193841061554849148e-04
5.937925307080149651e-04
6.950256647542119026e-04
6.624354864470660686e-04
6.624354864470660686e-04
2.883417764678597450e-04
5.193841061554849148e-04
3.426658513490110636e-04
5.193841061554849148e-04
3.426658513490110636e-04
2.260750625282526016e-04
6.950256647542119026e-04
3.917571448255330324e-04
3.426658513490110636e-04
2.260750625282526016e-04
5.193841061554849148e-04
3.917571448255330324e-04
5.574171082116663456e-04
7.266270113177597523e-04
6.287389551289379597e-04
6.287389551289379597e-04
4.793950647581368685e-04
3.917571448255330324e-04
6.950256647542119026e-04
5.193841061554849148e-04
7.266270113177597523e-04
2.883417764678597450e-04
5.937925307080149651e-04
5.193841061554849148e-04
4.370444221422076225e-04
5.574171082116663456e-04
6.950256647542119026e-04
5.937925307080149651e-04
6.624354864470660686e-04
3.917571448255330324e-04
5.574171082116663456e-04
4.370444221422076225e-04
4.370444221422076225e-04
3.426658513490110636e-04
5.574171082116663456e-04
4.793950647581368685e-04
4.793950647581368685e-04
6.624354864470660686e-04
3.426658513490110636e-04
6.287389551289379597e-04
7.266270113177597523e-04
5.193841061554849148e-04
4.370444221422076225e-04
3.917571448255330324e-04
4.370444221422076225e-04
5.574171082116663456e-04
1.491539878770709038e-04
3.917571448255330324e-04
6.950256647542119026e-04
4.370444221422076225e-04
4.370444221422076225e-04
6.624354864470660686e-04
5.574171082116663456e-04
2.883417764678597450e-04
5.193841061554849148e-04
4.370444221422076225e-04
5.574171082116663456e-04
3.426658513490110636e-04
5.574171082116663456e-04
4.370444221422076225e-04
3.426658513490110636e-04
5.937925307080149651e-04
5.193841061554849148e-04
4.370444221422076225e-04
5.937925307080149651e-04
6.624354864470660686e-04
1.491539878770709038e-04
6.950256647542119026e-04
5.574171082116663456e-04
5.937925307080149651e-04
2.883417764678597450e-04
7.266270113177597523e-04
6.287389551289379597e-04
5.193841061554849148e-04
4.370444221422076225e-04
5.574171082116663456e-04
3.917571448255330324e-04
5.937925307080149651e-04
4.370444221422076225e-04
6.287389551289379597e-04
2.260750625282526016e-04
4.370444221422076225e-04
2.883417764678597450e-04
7.247450388306667102e-14
6.624354864470660686e-04
3.917571448255330324e-04
4.793950647581368685e-04
3.917571448255330324e-04
5.574171082116663456e-04
5.937925307080149651e-04
5.574171082116663456e-04
4.793950647581368685e-04
2.260750625282526016e-04
4.793950647581368685e-04
2.883417764678597450e-04
5.574171082116663456e-04
3.426658513490110636e-04
5.193841061554849148e-04
1.491539878770709038e-04
3.426658513490110636e-04
3.426658513490110636e-04
3.426658513490110636e-04
2.883417764678597450e-04
3.426658513490110636e-04
5.193841061554849148e-04
4.793950647581368685e-04
3.917571448255330324e-04
4.793950647581368685e-04
3.917571448255330324e-04
1.491539878770709038e-04
3.426658513490110636e-04
5.574171082116663456e-04
3.426658513490110636e-04
5.937925307080149651e-04
7.247450388306667102e-14
4.370444221422076225e-04
4.793950647581368685e-04
3.917571448255330324e-04
4.370444221422076225e-04
3.917571448255330324e-04
2.883417764678597450e-04
4.370444221422076225e-04
5.937925307080149651e-04
4.793950647581368685e-04
6.287389551289379597e-04
6.624354864470660686e-04
5.937925307080149651e-04
4.793950647581368685e-04
5.193841061554849148e-04
4.370444221422076225e-04
2.883417764678597450e-04
7.247450388306667102e-14
4.370444221422076225e-04
3.917571448255330324e-04
5.193841061554849148e-04
2.883417764678597450e-04
3.917571448255330324e-04
5.937925307080149651e-04
4.370444221422076225e-04
5.574171082116663456e-04
3.917571448255330324e-04
4.370444221422076225e-04
3.917571448255330324e-04
4.370444221422076225e-04
5.937925307080149651e-04
3.426658513490110636e-04
3.917571448255330324e-04
2.883417764678597450e-04
5.193841061554849148e-04
4.793950647581368685e-04
3.917571448255330324e-04
4.793950647581368685e-04
4.370444221422076225e-04
5.193841061554849148e-04
3.917571448255330324e-04
5.574171082116663456e-04
6.287389551289379597e-04
5.193841061554849148e-04
3.917571448255330324e-04
3.917571448255330324e-04
5.574171082116663456e-04
2.260750625282526016e-04
2.260750625282526016e-04
5.937925307080149651e-04
3.917571448255330324e-04
4.793950647581368685e-04
2.883417764678597450e-04
5.574171082116663456e-04
2.883417764678597450e-04
3.917571448255330324e-04
2.260750625282526016e-04
5.574171082116663456e-04
4.793950647581368685e-04
4.793950647581368685e-04
5.193841061554849148e-04
5.574171082116663456e-04
4.793950647581368685e-04
4.793950647581368685e-04
3.426658513490110636e-04
3.917571448255330324e-04
4.793950647581368685e-04
4.370444221422076225e-04
4.793950647581368685e-04
2.883417764678597450e-04
3.426658513490110636e-04
1.491539878770709038e-04
4.370444221422076225e-04
2.883417764678597450e-04
3.917571448255330324e-04
5.574171082116663456e-04
5.193841061554849148e-04
1.491539878770709038e-04
5.574171082116663456e-04
3.426658513490110636e-04
3.426658513490110636e-04
2.260750625282526016e-04
5.193841061554849148e-04
2.260750625282526016e-04
1.491539878770709038e-04
2.260750625282526016e-04
3.917571448255330324e-04
4.793950647581368685e-04
4.370444221422076225e-04
4.370444221422076225e-04
4.793950647581368685e-04
4.793950647581368685e-04
5.193841061554849148e-04
5.574171082116663456e-04
2.883417764678597450e-04
4.370444221422076225e-04
5.574171082116663456e-04
3.426658513490110636e-04
3.426658513490110636e-04
1.491539878770709038e-04
3.917571448255330324e-04
5.193841061554849148e-04
5.574171082116663456e-04
3.917571448255330324e-04
2.883417764678597450e-04
4.793950647581368685e-04
3.917571448255330324e-04
5.193841061554849148e-04
3.917571448255330324e-04
3.917571448255330324e-04
4.793950647581368685e-04
4.370444221422076225e-04
4.370444221422076225e-04
5.574171082116663456e-04
2.883417764678597450e-04
4.793950647581368685e-04
5.193841061554849148e-04
2.883417764678597450e-04
4.370444221422076225e-04
3.917571448255330324e-04
3.426658513490110636e-04
4.793950647581368685e-04
5.574171082116663456e-04
2.883417764678597450e-04
4.370444221422076225e-04
4.793950647581368685e-04
2.883417764678597450e-04
3.917571448255330324e-04
3.917571448255330324e-04
5.574171082116663456e-04
5.193841061554849148e-04
3.917571448255330324e-04
4.370444221422076225e-04
1.491539878770709038e-04
2.260750625282526016e-04
4.370444221422076225e-04
4.370444221422076225e-04
3.426658513490110636e-04
4.370444221422076225e-04
1.491539878770709038e-04
2.260750625282526016e-04
2.260750625282526016e-04
5.193841061554849148e-04
3.917571448255330324e-04
3.426658513490110636e-04
2.883417764678597450e-04
3.426658513490110636e-04
2.883417764678597450e-04
2.883417764678597450e-04
3.917571448255330324e-04
3.426658513490110636e-04
3.426658513490110636e-04
3.917571448255330324e-04
4.370444221422076225e-04
3.917571448255330324e-04
3.426658513490110636e-04
5.193841061554849148e-04
2.260750625282526016e-04
1.491539878770709038e-04
3.917571448255330324e-04
2.260750625282526016e-04
4.370444221422076225e-04
4.370444221422076225e-04
3.426658513490110636e-04
3.917571448255330324e-04
2.260750625282526016e-04
2.260750625282526016e-04
2.883417764678597450e-04
3.426658513490110636e-04
2.883417764678597450e-04
3.426658513490110636e-04
3.917571448255330324e-04
2.260750625282526016e-04
4.370444221422076225e-04
3.426658513490110636e-04
4.370444221422076225e-04
4.370444221422076225e-04
2.260750625282526016e-04
4.370444221422076225e-04
4.370444221422076225e-04
2.883417764678597450e-04
3.426658513490110636e-04
1.491539878770709038e-04
2.883417764678597450e-04
1.491539878770709038e-04
2.260750625282526016e-04
2.883417764678597450e-04
2.883417764678597450e-04
3.917571448255330324e-04
3.426658513490110636e-04
3.917571448255330324e-04
2.883417764678597450e-04
2.883417764678597450e-04
2.260750625282526016e-04
3.426658513490110636e-04
3.426658513490110636e-04
3.426658513490110636e-04
2.883417764678597450e-04
2.260750625282526016e-04
2.260750625282526016e-04
3.426658513490110636e-04
1.491539878770709038e-04
2.883417764678597450e-04
2.883417764678597450e-04
2.260750625282526016e-04
2.260750625282526016e-04
3.426658513490110636e-04
3.917571448255330324e-04
2.883417764678597450e-04
3.426658513490110636e-04
2.260750625282526016e-04
2.883417764678597450e-04
2.883417764678597450e-04
2.883417764678597450e-04
2.883417764678597450e-04
2.260750625282526016e-04
1.491539878770709038e-04
7.247450388306667102e-14
3.426658513490110636e-04
1.491539878770709038e-04
3.917571448255330324e-04
2.883417764678597450e-04
1.491539878770709038e-04
2.260750625282526016e-04
2.883417764678597450e-04
1.491539878770709038e-04
2.260750625282526016e-04
2.883417764678597450e-04
3.426658513490110636e-04
