5.477901082485914230e-03
5.293220747262239456e-03
5.481762345880270004e-03
6.026077549904584885e-03
5.516396835446357727e-03
5.101860966533422470e-03
5.535544361919164658e-03
5.240990314632654190e-03
4.911662079393863678e-03
5.236952099949121475e-03
4.650519229471683502e-03
2.783021889626979828e-03
4.464794881641864777e-03
4.412349779158830643e-03
4.581755958497524261e-03
2.916682045906782150e-03
4.295703489333391190e-03
2.290877979248762131e-03
3.454741789028048515e-03
2.407971303910017014e-03
2.244215225800871849e-03
1.469183946028351784e-03
2.067529829218983650e-03
1.781646977178752422e-03
2.157681621611118317e-03
1.593553461134433746e-03
2.026174915954470634e-03
1.425317488610744476e-03
1.896708388812839985e-03
1.671332982368767262e-03
1.469183946028351784e-03
2.309278817847371101e-03
1.606778358109295368e-03
1.805246225558221340e-03
1.645815325900912285e-03
1.553204143419861794e-03
2.186906524002552032e-03
2.262995811179280281e-03
1.951696467585861683e-03
1.566769438795745373e-03
1.469183946028351784e-03
2.425483893603086472e-03
7.967767305672168732e-04
1.580218202434480190e-03
1.781646977178752422e-03
1.683947048150002956e-03
1.671332982368767262e-03
1.539519056677818298e-03
1.553204143419861794e-03
8.482338162139058113e-04
1.874261070042848587e-03
1.126812421716749668e-03
1.793485600501298904e-03
1.364637631922960281e-03
1.553204143419861794e-03
1.469183946028351784e-03
1.107873278670012951e-03
1.721234759315848351e-03
1.745650311931967735e-03
1.145438989624381065e-03
1.793485600501298904e-03
1.349041471257805824e-03
1.317294896580278873e-03
1.619895221665501595e-03
1.733485609292984009e-03
1.410392345860600471e-03
1.769729424268007278e-03
1.268185907974839211e-03
1.885518082417547703e-03
1.395307830534875393e-03
1.708895666524767876e-03
1.553204143419861794e-03
1.619895221665501595e-03
9.427590412087738514e-04
1.395307830534875393e-03
1.553204143419861794e-03
1.580218202434480190e-03
1.553204143419861794e-03
1.199583639390766621e-03
1.380057772621512413e-03
1.007851678878068924e-03
1.454708515666425228e-03
1.511777634732425213e-03
1.483517582528293133e-03
1.364637631922960281e-03
1.068988232873380184e-03
1.410392345860600471e-03
1.483517582528293133e-03
1.840076874941587448e-03
1.440088148228824139e-03
1.511777634732425213e-03
8.482338162139058113e-04
1.317294896580278873e-03
1.632906612940132618e-03
1.145438989624381065e-03
1.217096811160445213e-03
8.967428002506494522e-04
1.284763915464282036e-03
1.333262654952704906e-03
1.497714314609766006e-03
1.696467632427811623e-03
1.217096811160445213e-03
1.217096811160445213e-03
6.171807763166725636e-04
1.217096811160445213e-03
1.364637631922960281e-03
1.483517582528293133e-03
1.440088148228824139e-03
6.823188159614801407e-04
1.425317488610744476e-03
1.364637631922960281e-03
1.217096811160445213e-03
1.553204143419861794e-03
1.301130861975252628e-03
9.866316104307770729e-04
1.068988232873380184e-03
1.284763915464282036e-03
1.007851678878068924e-03
1.163767068646848202e-03
1.671332982368767262e-03
1.301130861975252628e-03
1.580218202434480190e-03
1.380057772621512413e-03
9.200384374707937241e-04
1.317294896580278873e-03
1.301130861975252628e-03
1.301130861975252628e-03
1.380057772621512413e-03
1.049005310051143169e-03
8.728251559659838676e-04
1.145438989624381065e-03
1.284763915464282036e-03
1.049005310051143169e-03
1.553204143419861794e-03
7.126587443053722382e-04
1.007851678878068924e-03
1.163767068646848202e-03
1.049005310051143169e-03
1.619895221665501595e-03
1.497714314609766006e-03
9.200384374707937241e-04
1.580218202434480190e-03
1.028634374961256981e-03
1.268185907974839211e-03
8.482338162139058113e-04
1.163767068646848202e-03
1.126812421716749668e-03
1.049005310051143169e-03
9.200384374707937241e-04
9.866316104307770729e-04
6.171807763166725636e-04
9.649445419199764729e-04
1.181810977868735790e-03
1.181810977868735790e-03
7.417587912641465664e-04
1.068988232873380184e-03
1.126812421716749668e-03
9.866316104307770729e-04
1.049005310051143169e-03
1.454708515666425228e-03
1.511777634732425213e-03
1.301130861975252628e-03
6.823188159614801407e-04
7.697595283389091492e-04
9.866316104307770729e-04
1.049005310051143169e-03
1.181810977868735790e-03
1.181810977868735790e-03
1.395307830534875393e-03
1.068988232873380184e-03
7.697595283389091492e-04
1.497714314609766006e-03
9.200384374707937241e-04
5.818834179081022739e-04
4.114538314752280712e-04
9.649445419199764729e-04
1.049005310051143169e-03
7.417587912641465664e-04
7.697595283389091492e-04
6.823188159614801407e-04
1.007851678878068924e-03
1.007851678878068924e-03
9.200384374707937241e-04
9.200384374707937241e-04
1.333262654952704906e-03
1.145438989624381065e-03
1.107873278670012951e-03
3.563293721526861191e-04
1.217096811160445213e-03
1.007851678878068924e-03
1.028634374961256981e-03
8.728251559659838676e-04
6.823188159614801407e-04
1.126812421716749668e-03
1.349041471257805824e-03
1.088604331016540527e-03
1.145438989624381065e-03
5.818834179081022739e-04
1.068988232873380184e-03
1.301130861975252628e-03
1.007851678878068924e-03
1.251387759111821651e-03
9.649445419199764729e-04
1.317294896580278873e-03
9.427590412087738514e-04
1.028634374961256981e-03
1.333262654952704906e-03
6.505654309876263142e-04
7.417587912641465664e-04
1.068988232873380184e-03
1.145438989624381065e-03
8.967428002506494522e-04
1.028634374961256981e-03
1.217096811160445213e-03
1.317294896580278873e-03
1.317294896580278873e-03
9.866316104307770729e-04
7.697595283389091492e-04
1.068988232873380184e-03
1.107873278670012951e-03
9.200384374707937241e-04
1.068988232873380184e-03
1.317294896580278873e-03
1.301130861975252628e-03
1.163767068646848202e-03
1.163767068646848202e-03
7.417587912641465664e-04
1.007851678878068924e-03
9.427590412087738514e-04
8.967428002506494522e-04
1.268185907974839211e-03
1.088604331016540527e-03
8.728251559659838676e-04
1.181810977868735790e-03
1.234361203387379646e-03
5.443020490929484367e-04
8.967428002506494522e-04
1.217096811160445213e-03
1.284763915464282036e-03
1.181810977868735790e-03
7.967767305672168732e-04
1.163767068646848202e-03
1.181810977868735790e-03
8.229076629504561424e-04
1.349041471257805824e-03
9.200384374707937241e-04
1.234361203387379646e-03
9.649445419199764729e-04
7.697595283389091492e-04
1.317294896580278873e-03
1.268185907974839211e-03
1.234361203387379646e-03
1.068988232873380184e-03
7.697595283389091492e-04
1.028634374961256981e-03
1.284763915464282036e-03
6.171807763166725636e-04
6.171807763166725636e-04
1.217096811160445213e-03
1.107873278670012951e-03
1.217096811160445213e-03
5.039259558543562889e-04
1.234361203387379646e-03
7.697595283389091492e-04
1.007851678878068924e-03
9.427590412087738514e-04
1.107873278670012951e-03
1.217096811160445213e-03
1.251387759111821651e-03
9.649445419199764729e-04
8.728251559659838676e-04
7.697595283389091492e-04
7.126587443053722382e-04
9.427590412087738514e-04
9.866316104307770729e-04
1.028634374961256981e-03
7.697595283389091492e-04
1.181810977868735790e-03
8.482338162139058113e-04
1.251387759111821651e-03
1.088604331016540527e-03
6.505654309876263142e-04
6.823188159614801407e-04
6.823188159614801407e-04
5.818834179081022739e-04
1.007851678878068924e-03
7.417587912641465664e-04
5.443020490929484367e-04
1.088604331016540527e-03
7.967767305672168732e-04
8.967428002506494522e-04
1.088604331016540527e-03
6.171807763166725636e-04
7.417587912641465664e-04
7.967767305672168732e-04
5.039259558543562889e-04
6.823188159614801407e-04
1.268185907974839211e-03
6.505654309876263142e-04
7.967767305672168732e-04
1.251387759111821651e-03
7.967767305672168732e-04
9.427590412087738514e-04
1.199583639390766621e-03
7.417587912641465664e-04
6.171807763166725636e-04
1.028634374961256981e-03
1.007851678878068924e-03
9.866316104307770729e-04
1.088604331016540527e-03
5.443020490929484367e-04
8.482338162139058113e-04
1.049005310051143169e-03
8.728251559659838676e-04
6.505654309876263142e-04
7.126587443053722382e-04
1.088604331016540527e-03
8.229076629504561424e-04
9.866316104307770729e-04
9.200384374707937241e-04
7.697595283389091492e-04
1.284763915464282036e-03
9.866316104307770729e-04
1.049005310051143169e-03
7.417587912641465664e-04
8.967428002506494522e-04
5.443020490929484367e-04
9.200384374707937241e-04
7.417587912641465664e-04
8.482338162139058113e-04
7.967767305672168732e-04
1.234361203387379646e-03
8.482338162139058113e-04
1.251387759111821651e-03
8.482338162139058113e-04
1.088604331016540527e-03
1.107873278670012951e-03
7.417587912641465664e-04
1.007851678878068924e-03
5.443020490929484367e-04
3.563293721526861191e-04
7.697595283389091492e-04
6.505654309876263142e-04
9.200384374707937241e-04
7.417587912641465664e-04
5.443020490929484367e-04
5.818834179081022739e-04
9.649445419199764729e-04
9.427590412087738514e-04
9.649445419199764729e-04
7.967767305672168732e-04
1.068988232873380184e-03
8.728251559659838676e-04
7.967767305672168732e-04
1.088604331016540527e-03
1.145438989624381065e-03
1.088604331016540527e-03
9.866316104307770729e-04
1.049005310051143169e-03
9.200384374707937241e-04
7.126587443053722382e-04
8.482338162139058113e-04
8.967428002506494522e-04
7.126587443053722382e-04
8.967428002506494522e-04
7.967767305672168732e-04
9.649445419199764729e-04
1.126812421716749668e-03
7.967767305672168732e-04
6.823188159614801407e-04
5.818834179081022739e-04
1.107873278670012951e-03
7.967767305672168732e-04
1.049005310051143169e-03
8.229076629504561424e-04
8.728251559659838676e-04
1.088604331016540527e-03
5.039259558543562889e-04
6.505654309876263142e-04
5.443020490929484367e-04
7.417587912641465664e-04
1.199583639390766621e-03
1.028634374961256981e-03
1.007851678878068924e-03
7.967767305672168732e-04
9.866316104307770729e-04
7.967767305672168732e-04
7.126587443053722382e-04
7.697595283389091492e-04
1.088604331016540527e-03
1.126812421716749668e-03
5.039259558543562889e-04
1.088604331016540527e-03
7.417587912641465664e-04
1.068988232873380184e-03
9.200384374707937241e-04
9.866316104307770729e-04
7.967767305672168732e-04
7.967767305672168732e-04
8.482338162139058113e-04
9.200384374707937241e-04
8.482338162139058113e-04
1.163767068646848202e-03
4.600193642545491457e-04
6.171807763166725636e-04
9.649445419199764729e-04
6.823188159614801407e-04
7.967767305672168732e-04
1.107873278670012951e-03
1.145438989624381065e-03
1.068988232873380184e-03
5.443020490929484367e-04
7.126587443053722382e-04
9.427590412087738514e-04
6.505654309876263142e-04
1.107873278670012951e-03
7.697595283389091492e-04
8.229076629504561424e-04
5.818834179081022739e-04
9.427590412087738514e-04
5.039259558543562889e-04
5.443020490929484367e-04
8.229076629504561424e-04
5.443020490929484367e-04
7.967767305672168732e-04
8.967428002506494522e-04
7.697595283389091492e-04
1.163767068646848202e-03
1.049005310051143169e-03
6.505654309876263142e-04
4.600193642545491457e-04
1.007851678878068924e-03
5.039259558543562889e-04
6.823188159614801407e-04
5.818834179081022739e-04
7.126587443053722382e-04
5.818834179081022739e-04
5.818834179081022739e-04
9.427590412087738514e-04
9.200384374707937241e-04
4.114538314752280712e-04
7.697595283389091492e-04
6.505654309876263142e-04
6.505654309876263142e-04
5.443020490929484367e-04
8.482338162139058113e-04
3.563293721526861191e-04
8.967428002506494522e-04
9.866316104307770729e-04
5.818834179081022739e-04
7.697595283389091492e-04
6.823188159614801407e-04
9.200384374707937241e-04
5.039259558543562889e-04
7.417587912641465664e-04
1.007851678878068924e-03
9.427590412087738514e-04
4.114538314752280712e-04
7.417587912641465664e-04
8.482338162139058113e-04
7.417587912641465664e-04
7.967767305672168732e-04
7.417587912641465664e-04
7.126587443053722382e-04
7.126587443053722382e-04
5.818834179081022739e-04
7.417587912641465664e-04
6.171807763166725636e-04
6.505654309876263142e-04
6.823188159614801407e-04
8.967428002506494522e-04
8.229076629504561424e-04
1.049005310051143169e-03
6.505654309876263142e-04
8.967428002506494522e-04
7.417587912641465664e-04
6.171807763166725636e-04
7.697595283389091492e-04
8.967428002506494522e-04
8.229076629504561424e-04
7.126587443053722382e-04
8.482338162139058113e-04
8.728251559659838676e-04
8.728251559659838676e-04
1.007851678878068924e-03
9.866316104307770729e-04
8.229076629504561424e-04
7.417587912641465664e-04
7.126587443053722382e-04
3.563293721526861191e-04
7.967767305672168732e-04
9.200384374707937241e-04
7.697595283389091492e-04
6.823188159614801407e-04
4.600193642545491457e-04
1.068988232873380184e-03
9.649445419199764729e-04
9.649445419199764729e-04
7.417587912641465664e-04
2.057269157376140356e-04
6.171807763166725636e-04
4.600193642545491457e-04
7.417587912641465664e-04
8.967428002506494522e-04
9.200384374707937241e-04
1.028634374961256981e-03
6.171807763166725636e-04
4.114538314752280712e-04
9.200384374707937241e-04
5.039259558543562889e-04
7.417587912641465664e-04
5.443020490929484367e-04
1.049005310051143169e-03
8.482338162139058113e-04
5.818834179081022739e-04
8.728251559659838676e-04
4.600193642545491457e-04
7.697595283389091492e-04
6.823188159614801407e-04
8.482338162139058113e-04
9.200384374707937241e-04
7.417587912641465664e-04
5.443020490929484367e-04
7.967767305672168732e-04
9.427590412087738514e-04
9.427590412087738514e-04
5.443020490929484367e-04
7.967767305672168732e-04
7.417587912641465664e-04
1.007851678878068924e-03
7.697595283389091492e-04
9.200384374707937241e-04
7.417587912641465664e-04
7.967767305672168732e-04
6.823188159614801407e-04
6.171807763166725636e-04
6.505654309876263142e-04
7.126587443053722382e-04
5.818834179081022739e-04
9.427590412087738514e-04
5.818834179081022739e-04
1.028634374961256981e-03
7.967767305672168732e-04
1.028634374961256981e-03
8.229076629504561424e-04
6.823188159614801407e-04
8.229076629504561424e-04
7.967767305672168732e-04
5.039259558543562889e-04
5.818834179081022739e-04
1.028634374961256981e-03
7.697595283389091492e-04
9.200384374707937241e-04
8.482338162139058113e-04
5.039259558543562889e-04
1.007851678878068924e-03
7.126587443053722382e-04
9.200384374707937241e-04
7.126587443053722382e-04
5.443020490929484367e-04
1.007851678878068924e-03
5.443020490929484367e-04
1.049005310051143169e-03
1.049005310051143169e-03
8.967428002506494522e-04
5.443020490929484367e-04
5.443020490929484367e-04
7.417587912641465664e-04
4.114538314752280712e-04
5.039259558543562889e-04
7.126587443053722382e-04
9.427590412087738514e-04
7.126587443053722382e-04
5.443020490929484367e-04
9.427590412087738514e-04
8.728251559659838676e-04
7.126587443053722382e-04
7.697595283389091492e-04
5.443020490929484367e-04
7.967767305672168732e-04
7.126587443053722382e-04
7.697595283389091492e-04
5.443020490929484367e-04
5.818834179081022739e-04
6.171807763166725636e-04
6.505654309876263142e-04
3.565196315252761039e-12
6.823188159614801407e-04
4.600193642545491457e-04
8.967428002506494522e-04
5.818834179081022739e-04
8.482338162139058113e-04
7.697595283389091492e-04
6.171807763166725636e-04
6.171807763166725636e-04
1.007851678878068924e-03
7.126587443053722382e-04
9.649445419199764729e-04
8.967428002506494522e-04
8.482338162139058113e-04
8.482338162139058113e-04
9.866316104307770729e-04
9.200384374707937241e-04
7.967767305672168732e-04
8.229076629504561424e-04
9.200384374707937241e-04
7.967767305672168732e-04
8.229076629504561424e-04
8.728251559659838676e-04
7.967767305672168732e-04
7.967767305672168732e-04
6.171807763166725636e-04
6.823188159614801407e-04
6.823188159614801407e-04
4.600193642545491457e-04
7.697595283389091492e-04
8.482338162139058113e-04
6.823188159614801407e-04
4.114538314752280712e-04
7.967767305672168732e-04
4.114538314752280712e-04
7.417587912641465664e-04
5.818834179081022739e-04
7.126587443053722382e-04
8.967428002506494522e-04
5.443020490929484367e-04
8.967428002506494522e-04
5.443020490929484367e-04
8.229076629504561424e-04
7.417587912641465664e-04
7.126587443053722382e-04
6.823188159614801407e-04
5.039259558543562889e-04
6.171807763166725636e-04
6.171807763166725636e-04
6.823188159614801407e-04
9.200384374707937241e-04
9.866316104307770729e-04
5.818834179081022739e-04
6.823188159614801407e-04
7.417587912641465664e-04
7.697595283389091492e-04
7.126587443053722382e-04
8.728251559659838676e-04
7.417587912641465664e-04
5.039259558543562889e-04
6.823188159614801407e-04
5.443020490929484367e-04
5.818834179081022739e-04
7.697595283389091492e-04
7.967767305672168732e-04
7.126587443053722382e-04
7.417587912641465664e-04
6.171807763166725636e-04
7.126587443053722382e-04
6.823188159614801407e-04
6.505654309876263142e-04
6.171807763166725636e-04
6.171807763166725636e-04
2.909417089540511370e-04
5.443020490929484367e-04
4.114538314752280712e-04
5.818834179081022739e-04
8.229076629504561424e-04
7.967767305672168732e-04
6.505654309876263142e-04
7.697595283389091492e-04
9.649445419199764729e-04
5.818834179081022739e-04
5.443020490929484367e-04
8.482338162139058113e-04
7.967767305672168732e-04
9.200384374707937241e-04
7.417587912641465664e-04
8.229076629504561424e-04
9.649445419199764729e-04
7.417587912641465664e-04
8.482338162139058113e-04
5.039259558543562889e-04
5.443020490929484367e-04
8.482338162139058113e-04
2.909417089540511370e-04
5.443020490929484367e-04
8.728251559659838676e-04
6.171807763166725636e-04
6.505654309876263142e-04
7.126587443053722382e-04
5.039259558543562889e-04
6.505654309876263142e-04
6.823188159614801407e-04
4.114538314752280712e-04
5.443020490929484367e-04
2.057269157376140356e-04
7.417587912641465664e-04
8.967428002506494522e-04
8.229076629504561424e-04
6.171807763166725636e-04
4.600193642545491457e-04
4.114538314752280712e-04
8.229076629504561424e-04
6.171807763166725636e-04
7.126587443053722382e-04
9.649445419199764729e-04
6.171807763166725636e-04
7.417587912641465664e-04
8.728251559659838676e-04
7.417587912641465664e-04
4.114538314752280712e-04
7.126587443053722382e-04
5.039259558543562889e-04
5.818834179081022739e-04
7.126587443053722382e-04
8.229076629504561424e-04
3.563293721526861191e-04
4.114538314752280712e-04
7.697595283389091492e-04
7.967767305672168732e-04
7.126587443053722382e-04
5.443020490929484367e-04
7.417587912641465664e-04
7.417587912641465664e-04
8.229076629504561424e-04
6.823188159614801407e-04
7.417587912641465664e-04
5.443020490929484367e-04
6.823188159614801407e-04
6.505654309876263142e-04
9.200384374707937241e-04
7.967767305672168732e-04
6.505654309876263142e-04
6.505654309876263142e-04
7.697595283389091492e-04
4.600193642545491457e-04
6.823188159614801407e-04
5.039259558543562889e-04
7.967767305672168732e-04
6.505654309876263142e-04
6.171807763166725636e-04
6.505654309876263142e-04
5.039259558543562889e-04
2.909417089540511370e-04
8.482338162139058113e-04
6.823188159614801407e-04
6.505654309876263142e-04
7.697595283389091492e-04
6.171807763166725636e-04
4.600193642545491457e-04
6.823188159614801407e-04
5.443020490929484367e-04
6.505654309876263142e-04
4.600193642545491457e-04
8.967428002506494522e-04
6.171807763166725636e-04
6.823188159614801407e-04
5.443020490929484367e-04
6.171807763166725636e-04
6.823188159614801407e-04
5.443020490929484367e-04
7.697595283389091492e-04
7.126587443053722382e-04
6.505654309876263142e-04
5.443020490929484367e-04
7.417587912641465664e-04
6.505654309876263142e-04
7.967767305672168732e-04
8.728251559659838676e-04
5.443020490929484367e-04
6.823188159614801407e-04
5.443020490929484367e-04
6.171807763166725636e-04
5.818834179081022739e-04
6.171807763166725636e-04
5.443020490929484367e-04
8.229076629504561424e-04
7.417587912641465664e-04
7.126587443053722382e-04
3.563293721526861191e-04
7.967767305672168732e-04
5.818834179081022739e-04
4.114538314752280712e-04
7.697595283389091492e-04
5.818834179081022739e-04
7.126587443053722382e-04
7.417587912641465664e-04
8.728251559659838676e-04
3.563293721526861191e-04
7.697595283389091492e-04
8.229076629504561424e-04
5.039259558543562889e-04
4.114538314752280712e-04
6.171807763166725636e-04
6.823188159614801407e-04
8.482338162139058113e-04
7.697595283389091492e-04
8.229076629504561424e-04
7.967767305672168732e-04
3.563293721526861191e-04
7.697595283389091492e-04
4.114538314752280712e-04
5.443020490929484367e-04
6.505654309876263142e-04
7.697595283389091492e-04
3.563293721526861191e-04
6.171807763166725636e-04
6.171807763166725636e-04
8.728251559659838676e-04
5.818834179081022739e-04
6.171807763166725636e-04
8.482338162139058113e-04
6.171807763166725636e-04
5.818834179081022739e-04
7.126587443053722382e-04
8.482338162139058113e-04
4.114538314752280712e-04
7.697595283389091492e-04
6.171807763166725636e-04
4.600193642545491457e-04
5.818834179081022739e-04
5.039259558543562889e-04
7.126587443053722382e-04
7.417587912641465664e-04
7.126587443053722382e-04
4.600193642545491457e-04
8.728251559659838676e-04
6.505654309876263142e-04
6.823188159614801407e-04
5.443020490929484367e-04
7.417587912641465664e-04
5.818834179081022739e-04
7.967767305672168732e-04
7.417587912641465664e-04
7.967767305672168732e-04
4.600193642545491457e-04
6.505654309876263142e-04
7.126587443053722382e-04
4.114538314752280712e-04
6.171807763166725636e-04
7.417587912641465664e-04
7.126587443053722382e-04
5.443020490929484367e-04
6.823188159614801407e-04
8.229076629504561424e-04
6.171807763166725636e-04
5.818834179081022739e-04
6.505654309876263142e-04
7.967767305672168732e-04
3.563293721526861191e-04
6.171807763166725636e-04
7.967767305672168732e-04
5.039259558543562889e-04
4.114538314752280712e-04
7.126587443053722382e-04
5.818834179081022739e-04
4.600193642545491457e-04
5.443020490929484367e-04
6.505654309876263142e-04
3.563293721526861191e-04
7.697595283389091492e-04
5.818834179081022739e-04
6.505654309876263142e-04
4.600193642545491457e-04
2.909417089540511370e-04
5.443020490929484367e-04
6.505654309876263142e-04
5.818834179081022739e-04
6.505654309876263142e-04
7.417587912641465664e-04
7.126587443053722382e-04
7.126587443053722382e-04
3.563293721526861191e-04
5.818834179081022739e-04
4.114538314752280712e-04
5.818834179081022739e-04
4.114538314752280712e-04
2.909417089540511370e-04
7.417587912641465664e-04
4.600193642545491457e-04
4.114538314752280712e-04
2.909417089540511370e-04
5.818834179081022739e-04
4.600193642545491457e-04
6.171807763166725636e-04
7.697595283389091492e-04
6.823188159614801407e-04
6.823188159614801407e-04
5.443020490929484367e-04
4.600193642545491457e-04
7.417587912641465664e-04
5.818834179081022739e-04
7.697595283389091492e-04
3.563293721526861191e-04
6.505654309876263142e-04
5.818834179081022739e-04
5.039259558543562889e-04
6.171807763166725636e-04
7.417587912641465664e-04
6.505654309876263142e-04
7.126587443053722382e-04
4.600193642545491457e-04
6.171807763166725636e-04
5.039259558543562889e-04
5.039259558543562889e-04
4.114538314752280712e-04
6.171807763166725636e-04
5.443020490929484367e-04
5.443020490929484367e-04
7.126587443053722382e-04
4.114538314752280712e-04
6.823188159614801407e-04
7.697595283389091492e-04
5.818834179081022739e-04
5.039259558543562889e-04
4.600193642545491457e-04
5.039259558543562889e-04
6.171807763166725636e-04
2.057269157376140356e-04
4.600193642545491457e-04
7.417587912641465664e-04
5.039259558543562889e-04
5.039259558543562889e-04
7.126587443053722382e-04
6.171807763166725636e-04
3.563293721526861191e-04
5.818834179081022739e-04
5.039259558543562889e-04
6.171807763166725636e-04
4.114538314752280712e-04
6.171807763166725636e-04
5.039259558543562889e-04
4.114538314752280712e-04
6.505654309876263142e-04
5.818834179081022739e-04
5.039259558543562889e-04
6.505654309876263142e-04
7.126587443053722382e-04
2.057269157376140356e-04
7.417587912641465664e-04
6.171807763166725636e-04
6.505654309876263142e-04
3.563293721526861191e-04
7.697595283389091492e-04
6.823188159614801407e-04
5.818834179081022739e-04
5.039259558543562889e-04
6.171807763166725636e-04
4.600193642545491457e-04
6.505654309876263142e-04
5.039259558543562889e-04
6.823188159614801407e-04
2.909417089540511370e-04
5.039259558543562889e-04
3.563293721526861191e-04
3.565196315252761039e-12
7.126587443053722382e-04
4.600193642545491457e-04
5.443020490929484367e-04
4.600193642545491457e-04
6.171807763166725636e-04
6.505654309876263142e-04
6.171807763166725636e-04
5.443020490929484367e-04
2.909417089540511370e-04
5.443020490929484367e-04
3.563293721526861191e-04
6.171807763166725636e-04
4.114538314752280712e-04
5.818834179081022739e-04
2.057269157376140356e-04
4.114538314752280712e-04
4.114538314752280712e-04
4.114538314752280712e-04
3.563293721526861191e-04
4.114538314752280712e-04
5.818834179081022739e-04
5.443020490929484367e-04
4.600193642545491457e-04
5.443020490929484367e-04
4.600193642545491457e-04
2.057269157376140356e-04
4.114538314752280712e-04
6.171807763166725636e-04
4.114538314752280712e-04
6.505654309876263142e-04
3.565196315252761039e-12
5.039259558543562889e-04
5.443020490929484367e-04
4.600193642545491457e-04
5.039259558543562889e-04
4.600193642545491457e-04
3.563293721526861191e-04
5.039259558543562889e-04
6.505654309876263142e-04
5.443020490929484367e-04
6.823188159614801407e-04
7.126587443053722382e-04
6.505654309876263142e-04
5.443020490929484367e-04
5.818834179081022739e-04
5.039259558543562889e-04
3.563293721526861191e-04
3.565196315252761039e-12
5.039259558543562889e-04
4.600193642545491457e-04
5.818834179081022739e-04
3.563293721526861191e-04
4.600193642545491457e-04
6.505654309876263142e-04
5.039259558543562889e-04
6.171807763166725636e-04
4.600193642545491457e-04
5.039259558543562889e-04
4.600193642545491457e-04
5.039259558543562889e-04
6.505654309876263142e-04
4.114538314752280712e-04
4.600193642545491457e-04
3.563293721526861191e-04
5.818834179081022739e-04
5.443020490929484367e-04
4.600193642545491457e-04
5.443020490929484367e-04
5.039259558543562889e-04
5.818834179081022739e-04
4.600193642545491457e-04
6.171807763166725636e-04
6.823188159614801407e-04
5.818834179081022739e-04
4.600193642545491457e-04
4.600193642545491457e-04
6.171807763166725636e-04
2.909417089540511370e-04
2.909417089540511370e-04
6.505654309876263142e-04
4.600193642545491457e-04
5.443020490929484367e-04
3.563293721526861191e-04
6.171807763166725636e-04
3.563293721526861191e-04
4.600193642545491457e-04
2.909417089540511370e-04
6.171807763166725636e-04
5.443020490929484367e-04
5.443020490929484367e-04
5.818834179081022739e-04
6.171807763166725636e-04
5.443020490929484367e-04
5.443020490929484367e-04
4.114538314752280712e-04
4.600193642545491457e-04
5.443020490929484367e-04
5.039259558543562889e-04
5.443020490929484367e-04
3.563293721526861191e-04
4.114538314752280712e-04
2.057269157376140356e-04
5.039259558543562889e-04
3.563293721526861191e-04
4.600193642545491457e-04
6.171807763166725636e-04
5.818834179081022739e-04
2.057269157376140356e-04
6.171807763166725636e-04
4.114538314752280712e-04
4.114538314752280712e-04
2.909417089540511370e-04
5.818834179081022739e-04
2.909417089540511370e-04
2.057269157376140356e-04
2.909417089540511370e-04
4.600193642545491457e-04
5.443020490929484367e-04
5.039259558543562889e-04
5.039259558543562889e-04
5.443020490929484367e-04
5.443020490929484367e-04
5.818834179081022739e-04
6.171807763166725636e-04
3.563293721526861191e-04
5.039259558543562889e-04
6.171807763166725636e-04
4.114538314752280712e-04
4.114538314752280712e-04
2.057269157376140356e-04
4.600193642545491457e-04
5.818834179081022739e-04
6.171807763166725636e-04
4.600193642545491457e-04
3.563293721526861191e-04
5.443020490929484367e-04
4.600193642545491457e-04
5.818834179081022739e-04
4.600193642545491457e-04
4.600193642545491457e-04
5.443020490929484367e-04
5.039259558543562889e-04
5.039259558543562889e-04
6.171807763166725636e-04
3.563293721526861191e-04
5.443020490929484367e-04
5.818834179081022739e-04
3.563293721526861191e-04
5.039259558543562889e-04
4.600193642545491457e-04
4.114538314752280712e-04
5.443020490929484367e-04
6.171807763166725636e-04
3.563293721526861191e-04
5.039259558543562889e-04
5.443020490929484367e-04
3.563293721526861191e-04
4.600193642545491457e-04
4.600193642545491457e-04
6.171807763166725636e-04
5.818834179081022739e-04
4.600193642545491457e-04
5.039259558543562889e-04
2.057269157376140356e-04
2.909417089540511370e-04
5.039259558543562889e-04
5.039259558543562889e-04
4.114538314752280712e-04
5.039259558543562889e-04
2.057269157376140356e-04
2.909417089540511370e-04
2.909417089540511370e-04
5.818834179081022739e-04
4.600193642545491457e-04
4.114538314752280712e-04
3.563293721526861191e-04
4.114538314752280712e-04
3.563293721526861191e-04
3.563293721526861191e-04
4.600193642545491457e-04
4.114538314752280712e-04
4.114538314752280712e-04
4.600193642545491457e-04
5.039259558543562889e-04
4.600193642545491457e-04
4.114538314752280712e-04
5.818834179081022739e-04
2.909417089540511370e-04
2.057269157376140356e-04
4.600193642545491457e-04
2.909417089540511370e-04
5.039259558543562889e-04
5.039259558543562889e-04
4.114538314752280712e-04
4.600193642545491457e-04
2.909417089540511370e-04
2.909417089540511370e-04
3.563293721526861191e-04
4.114538314752280712e-04
3.563293721526861191e-04
4.114538314752280712e-04
4.600193642545491457e-04
2.909417089540511370e-04
5.039259558543562889e-04
4.114538314752280712e-04
5.039259558543562889e-04
5.039259558543562889e-04
2.909417089540511370e-04
5.039259558543562889e-04
5.039259558543562889e-04
3.563293721526861191e-04
4.114538314752280712e-04
2.057269157376140356e-04
3.563293721526861191e-04
2.057269157376140356e-04
2.909417089540511370e-04
3.563293721526861191e-04
3.563293721526861191e-04
4.600193642545491457e-04
4.114538314752280712e-04
4.600193642545491457e-04
3.563293721526861191e-04
3.563293721526861191e-04
2.909417089540511370e-04
4.114538314752280712e-04
4.114538314752280712e-04
4.114538314752280712e-04
3.563293721526861191e-04
2.909417089540511370e-04
2.909417089540511370e-04
4.114538314752280712e-04
2.057269157376140356e-04
3.563293721526861191e-04
3.563293721526861191e-04
2.909417089540511370e-04
2.909417089540511370e-04
4.114538314752280712e-04
4.600193642545491457e-04
3.563293721526861191e-04
4.114538314752280712e-04
2.909417089540511370e-04
3.563293721526861191e-04
3.563293721526861191e-04
3.563293721526861191e-04
3.563293721526861191e-04
2.909417089540511370e-04
2.057269157376140356e-04
3.565196315252761039e-12
4.114538314752280712e-04
2.057269157376140356e-04
4.600193642545491457e-04
3.563293721526861191e-04
2.057269157376140356e-04
2.909417089540511370e-04
3.563293721526861191e-04
2.057269157376140356e-04
2.909417089540511370e-04
3.563293721526861191e-04
4.114538314752280712e-04
