[454,
 380,
 960,
 606,
 2,
 3,
 9,
 127,
 804,
 1102,
 0,
 10,
 481,
 13,
 555,
 821,
 0,
 167,
 1207,
 24,
 481,
 3,
 397,
 1112,
 307,
 3,
 1112,
 0,
 0,
 10,
 741,
 865,
 9,
 307,
 741,
 481,
 1112,
 396,
 13,
 676,
 481,
 676,
 61,
 1112,
 207,
 865,
 29,
 13,
 1155,
 10,
 447,
 676,
 865,
 0,
 865,
 1112,
 3,
 481,
 3,
 585,
 13,
 481,
 9,
 741,
 1112,
 3,
 865,
 481,
 679,
 10,
 481,
 865,
 916,
 3,
 676,
 9,
 3,
 3,
 1094,
 0,
 481,
 13,
 865,
 865,
 1112,
 481,
 3,
 481,
 13,
 19,
 331,
 481,
 1186,
 384,
 694,
 1112,
 481,
 865,
 868,
 3,
 13,
 4,
 11,
 0,
 865]