List of primitives alphabet with alpha = 0.01 - 25 characters 

[852]
[852]
[152, 1073]
[852, 598]
[852, 598]
[852]
[852, 598]
[152, 1073]
[152]
[852, 757]
[152, 1073]
[852, 757]
[152]
[852]
[152]
[368, 1185]
[852]
[852]
[152]
[852]
[152]
[852]
[852]
[852]
[852]
[852, 598]
[852, 757]
[852, 598]
[852]
[152, 65]
[852]
[852]
[152, 65]
[852]
[852]
[852]
[152]
[152]
[852]
[852]
[852]
[3]
[852]
[852]
[852, 598]
[852]
[852]
[852, 598]
[368]
[852]
[852, 598]
[852, 757]
[852]
[368]
[852]
[152]
[152]
[852]
[152]
[852]


