pT statistics 
First quartile               x             y
0            1.0  1.635352e-04
1            2.0  9.449460e-06
2            3.0  5.797371e-05
3            4.0  9.364329e-07
4            5.0  9.364329e-07
...          ...           ...
367231  367232.0  5.885040e-07
367232  367233.0  5.885040e-07
367233  367234.0  5.885040e-07
367234  367235.0  5.885040e-07
367235  367236.0  5.885040e-07

[367236 rows x 2 columns]
Second quartile               x             y
0            1.0  1.635352e-04
1            2.0  9.449460e-06
2            3.0  5.797371e-05
3            4.0  9.364329e-07
4            5.0  9.364329e-07
...          ...           ...
734467  734468.0  6.590114e-07
734468  734469.0  6.590114e-07
734469  734470.0  6.590114e-07
734470  734471.0  6.590114e-07
734471  734472.0  6.590114e-07

[734472 rows x 2 columns]
Third quartile                 x             y
0              1.0  1.635352e-04
1              2.0  9.449460e-06
2              3.0  5.797371e-05
3              4.0  9.364329e-07
4              5.0  9.364329e-07
...            ...           ...
1101703  1101704.0  6.337041e-07
1101704  1101705.0  6.337041e-07
1101705  1101706.0  6.337041e-07
1101706  1101707.0  6.337041e-07
1101707  1101708.0  6.337041e-07

[1101708 rows x 2 columns]
Fourth quartile               x             y
0            1.0  1.635352e-04
1            2.0  9.449460e-06
2            3.0  5.797371e-05
3            4.0  9.364329e-07
4            5.0  9.364329e-07
...          ...           ...
146890  146891.0  5.350730e-07
146891  146892.0  5.350730e-07
146892  146893.0  5.350730e-07
146893  146894.0  5.350730e-07
146894  146895.0  5.350730e-07

[146895 rows x 2 columns]
Maximum probtensor(0.0002)
Minimum probtensor(8.5130e-08)
Meantensor(6.8076e-07)
Mediantensor(6.2412e-07)
pTtensor([[1.6354e-04, 9.4495e-06, 5.7974e-05,  ..., 8.5130e-08, 8.5130e-08,
         8.5130e-08],
        [1.9645e-05, 6.7400e-05, 2.3986e-05,  ..., 1.0853e-07, 1.0853e-07,
         1.0853e-07],
        [1.0293e-04, 9.3576e-06, 6.0189e-05,  ..., 1.1553e-07, 1.1553e-07,
         1.1553e-07],
        ...,
        [6.6432e-07, 6.6432e-07, 6.6432e-07,  ..., 6.6432e-07, 6.6432e-07,
         6.6432e-07],
        [6.7519e-07, 6.7519e-07, 6.7519e-07,  ..., 6.7519e-07, 6.7519e-07,
         6.7519e-07],
        [6.6971e-07, 6.6971e-07, 6.6971e-07,  ..., 6.6971e-07, 6.6971e-07,
         6.6971e-07]])
