1.848070323467254639e-02
1.737436838448047638e-02
1.850415952503681183e-02
2.194195613265037537e-02
1.871513016521930695e-02
1.626014523208141327e-02
1.883222162723541260e-02
1.706699095666408539e-02
1.518533006310462952e-02
1.704332605004310608e-02
1.376307848840951920e-02
5.461887922137975693e-03
1.278956420719623566e-02
1.252041850239038467e-02
1.339893974363803864e-02
5.943103227764368057e-03
1.193094067275524139e-02
3.847835818305611610e-03
8.060481399297714233e-03
4.209061618894338608e-03
3.707909490913152695e-03
1.729617477394640446e-03
3.199087921530008316e-03
2.447326434776186943e-03
3.454540390521287918e-03
2.002041088417172432e-03
3.084830939769744873e-03
1.637773471884429455e-03
2.739137969911098480e-03
2.181355375796556473e-03
1.729617477394640446e-03
3.903645556420087814e-03
2.032046904787421227e-03
2.505985554307699203e-03
2.121773315593600273e-03
1.911720493808388710e-03
3.539218800142407417e-03
3.763948567211627960e-03
2.883732318878173828e-03
1.941878465004265308e-03
1.729617477394640446e-03
4.264323972165584564e-03
5.749353440478444099e-04
1.971984747797250748e-03
2.447326434776186943e-03
2.211078535765409470e-03
2.181355375796556473e-03
1.881508622318506241e-03
1.911720493808388710e-03
6.434887764044106007e-04
2.681064186617732048e-03
1.072866958566009998e-03
2.476675435900688171e-03
1.514412579126656055e-03
1.911720493808388710e-03
1.729617477394640446e-03
1.040627132169902325e-03
2.299985848367214203e-03
2.359043806791305542e-03
1.105000614188611507e-03
2.476675435900688171e-03
1.483400701545178890e-03
1.421157852746546268e-03
2.062003593891859055e-03
2.329535316675901413e-03
1.607033773325383663e-03
2.417939016595482826e-03
1.327217789366841316e-03
2.710117725655436516e-03
1.576228067278862000e-03
2.270393073558807373e-03
1.911720493808388710e-03
2.062003593891859055e-03
7.782769389450550079e-04
1.576228067278862000e-03
1.911720493808388710e-03
1.971984747797250748e-03
1.911720493808388710e-03
1.200792845338582993e-03
1.545354258269071579e-03
8.776612812653183937e-04
1.699064043350517750e-03
1.820920966565608978e-03
1.760110026225447655e-03
1.514412579126656055e-03
9.758076048456132412e-04
1.607033773325383663e-03
1.760110026225447655e-03
2.593687735497951508e-03
1.668450306169688702e-03
1.820920966565608978e-03
6.434887764044106007e-04
1.421157852746546268e-03
2.091912319883704185e-03
1.105000614188611507e-03
1.232531620189547539e-03
7.112382445484399796e-04
1.358610228635370731e-03
1.452316530048847198e-03
1.790544134564697742e-03
2.240758156403899193e-03
1.232531620189547539e-03
1.232531620189547539e-03
3.630407154560089111e-04
1.232531620189547539e-03
1.514412579126656055e-03
1.760110026225447655e-03
1.668450306169688702e-03
4.349008086137473583e-04
1.637773471884429455e-03
1.514412579126656055e-03
1.232531620189547539e-03
1.911720493808388710e-03
1.389923156239092350e-03
8.446795982308685780e-04
9.758076048456132412e-04
1.358610228635370731e-03
8.776612812653183937e-04
1.137029845267534256e-03
2.181355375796556473e-03
1.389923156239092350e-03
1.971984747797250748e-03
1.545354258269071579e-03
7.448411779478192329e-04
1.421157852746546268e-03
1.389923156239092350e-03
1.389923156239092350e-03
1.545354258269071579e-03
9.432198130525648594e-04
6.774574867449700832e-04
1.105000614188611507e-03
1.358610228635370731e-03
9.432198130525648594e-04
1.911720493808388710e-03
4.703269223682582378e-04
8.776612812653183937e-04
1.137029845267534256e-03
9.432198130525648594e-04
2.062003593891859055e-03
1.790544134564697742e-03
7.448411779478192329e-04
1.971984747797250748e-03
9.105060598812997341e-04
1.327217789366841316e-03
6.434887764044106007e-04
1.137029845267534256e-03
1.072866958566009998e-03
9.432198130525648594e-04
7.448411779478192329e-04
8.446795982308685780e-04
3.630407154560089111e-04
8.115534437820315361e-04
1.168959075585007668e-03
1.168959075585007668e-03
5.054589128121733665e-04
9.758076048456132412e-04
1.072866958566009998e-03
8.446795982308685780e-04
9.432198130525648594e-04
1.699064043350517750e-03
1.820920966565608978e-03
1.389923156239092350e-03
4.349008086137473583e-04
5.403214599937200546e-04
8.446795982308685780e-04
9.432198130525648594e-04
1.168959075585007668e-03
1.168959075585007668e-03
1.576228067278862000e-03
9.758076048456132412e-04
5.403214599937200546e-04
1.790544134564697742e-03
7.448411779478192329e-04
3.265260602347552776e-04
1.749811053741723299e-04
8.115534437820315361e-04
9.432198130525648594e-04
5.054589128121733665e-04
5.403214599937200546e-04
4.349008086137473583e-04
8.776612812653183937e-04
8.776612812653183937e-04
7.448411779478192329e-04
7.448411779478192329e-04
1.452316530048847198e-03
1.105000614188611507e-03
1.040627132169902325e-03
1.350659440504387021e-04
1.232531620189547539e-03
8.776612812653183937e-04
9.105060598812997341e-04
6.774574867449700832e-04
4.349008086137473583e-04
1.072866958566009998e-03
1.483400701545178890e-03
1.008275314234197140e-03
1.105000614188611507e-03
3.265260602347552776e-04
9.758076048456132412e-04
1.389923156239092350e-03
8.776612812653183937e-04
1.295741763897240162e-03
8.115534437820315361e-04
1.421157852746546268e-03
7.782769389450550079e-04
9.105060598812997341e-04
1.452316530048847198e-03
3.991505946032702923e-04
5.054589128121733665e-04
9.758076048456132412e-04
1.105000614188611507e-03
7.112382445484399796e-04
9.105060598812997341e-04
1.232531620189547539e-03
1.421157852746546268e-03
1.421157852746546268e-03
8.446795982308685780e-04
5.403214599937200546e-04
9.758076048456132412e-04
1.040627132169902325e-03
7.448411779478192329e-04
9.758076048456132412e-04
1.421157852746546268e-03
1.389923156239092350e-03
1.137029845267534256e-03
1.137029845267534256e-03
5.054589128121733665e-04
8.776612812653183937e-04
7.782769389450550079e-04
7.112382445484399796e-04
1.327217789366841316e-03
1.008275314234197140e-03
6.774574867449700832e-04
1.168959075585007668e-03
1.264180638827383518e-03
2.895508951041847467e-04
7.112382445484399796e-04
1.232531620189547539e-03
1.358610228635370731e-03
1.168959075585007668e-03
5.749353440478444099e-04
1.137029845267534256e-03
1.168959075585007668e-03
6.093193660490214825e-04
1.483400701545178890e-03
7.448411779478192329e-04
1.264180638827383518e-03
8.115534437820315361e-04
5.403214599937200546e-04
1.421157852746546268e-03
1.327217789366841316e-03
1.264180638827383518e-03
9.758076048456132412e-04
5.403214599937200546e-04
9.105060598812997341e-04
1.358610228635370731e-03
3.630407154560089111e-04
3.630407154560089111e-04
1.232531620189547539e-03
1.040627132169902325e-03
1.232531620189547539e-03
2.520421403460204601e-04
1.264180638827383518e-03
5.403214599937200546e-04
8.776612812653183937e-04
7.782769389450550079e-04
1.040627132169902325e-03
1.232531620189547539e-03
1.295741763897240162e-03
8.115534437820315361e-04
6.774574867449700832e-04
5.403214599937200546e-04
4.703269223682582378e-04
7.782769389450550079e-04
8.446795982308685780e-04
9.105060598812997341e-04
5.403214599937200546e-04
1.168959075585007668e-03
6.434887764044106007e-04
1.295741763897240162e-03
1.008275314234197140e-03
3.991505946032702923e-04
4.349008086137473583e-04
4.349008086137473583e-04
3.265260602347552776e-04
8.776612812653183937e-04
5.054589128121733665e-04
2.895508951041847467e-04
1.008275314234197140e-03
5.749353440478444099e-04
7.112382445484399796e-04
1.008275314234197140e-03
3.630407154560089111e-04
5.054589128121733665e-04
5.749353440478444099e-04
2.520421403460204601e-04
4.349008086137473583e-04
1.327217789366841316e-03
3.991505946032702923e-04
5.749353440478444099e-04
1.295741763897240162e-03
5.749353440478444099e-04
7.782769389450550079e-04
1.200792845338582993e-03
5.054589128121733665e-04
3.630407154560089111e-04
9.105060598812997341e-04
8.776612812653183937e-04
8.446795982308685780e-04
1.008275314234197140e-03
2.895508951041847467e-04
6.434887764044106007e-04
9.432198130525648594e-04
6.774574867449700832e-04
3.991505946032702923e-04
4.703269223682582378e-04
1.008275314234197140e-03
6.093193660490214825e-04
8.446795982308685780e-04
7.448411779478192329e-04
5.403214599937200546e-04
1.358610228635370731e-03
8.446795982308685780e-04
9.432198130525648594e-04
5.054589128121733665e-04
7.112382445484399796e-04
2.895508951041847467e-04
7.448411779478192329e-04
5.054589128121733665e-04
6.434887764044106007e-04
5.749353440478444099e-04
1.264180638827383518e-03
6.434887764044106007e-04
1.295741763897240162e-03
6.434887764044106007e-04
1.008275314234197140e-03
1.040627132169902325e-03
5.054589128121733665e-04
8.776612812653183937e-04
2.895508951041847467e-04
1.350659440504387021e-04
5.403214599937200546e-04
3.991505946032702923e-04
7.448411779478192329e-04
5.054589128121733665e-04
2.895508951041847467e-04
3.265260602347552776e-04
8.115534437820315361e-04
7.782769389450550079e-04
8.115534437820315361e-04
5.749353440478444099e-04
9.758076048456132412e-04
6.774574867449700832e-04
5.749353440478444099e-04
1.008275314234197140e-03
1.105000614188611507e-03
1.008275314234197140e-03
8.446795982308685780e-04
9.432198130525648594e-04
7.448411779478192329e-04
4.703269223682582378e-04
6.434887764044106007e-04
7.112382445484399796e-04
4.703269223682582378e-04
7.112382445484399796e-04
5.749353440478444099e-04
8.115534437820315361e-04
1.072866958566009998e-03
5.749353440478444099e-04
4.349008086137473583e-04
3.265260602347552776e-04
1.040627132169902325e-03
5.749353440478444099e-04
9.432198130525648594e-04
6.093193660490214825e-04
6.774574867449700832e-04
1.008275314234197140e-03
2.520421403460204601e-04
3.991505946032702923e-04
2.895508951041847467e-04
5.054589128121733665e-04
1.200792845338582993e-03
9.105060598812997341e-04
8.776612812653183937e-04
5.749353440478444099e-04
8.446795982308685780e-04
5.749353440478444099e-04
4.703269223682582378e-04
5.403214599937200546e-04
1.008275314234197140e-03
1.072866958566009998e-03
2.520421403460204601e-04
1.008275314234197140e-03
5.054589128121733665e-04
9.758076048456132412e-04
7.448411779478192329e-04
8.446795982308685780e-04
5.749353440478444099e-04
5.749353440478444099e-04
6.434887764044106007e-04
7.448411779478192329e-04
6.434887764044106007e-04
1.137029845267534256e-03
2.138995623681694269e-04
3.630407154560089111e-04
8.115534437820315361e-04
4.349008086137473583e-04
5.749353440478444099e-04
1.040627132169902325e-03
1.105000614188611507e-03
9.758076048456132412e-04
2.895508951041847467e-04
4.703269223682582378e-04
7.782769389450550079e-04
3.991505946032702923e-04
1.040627132169902325e-03
5.403214599937200546e-04
6.093193660490214825e-04
3.265260602347552776e-04
7.782769389450550079e-04
2.520421403460204601e-04
2.895508951041847467e-04
6.093193660490214825e-04
2.895508951041847467e-04
5.749353440478444099e-04
7.112382445484399796e-04
5.403214599937200546e-04
1.137029845267534256e-03
9.432198130525648594e-04
3.991505946032702923e-04
2.138995623681694269e-04
8.776612812653183937e-04
2.520421403460204601e-04
4.349008086137473583e-04
3.265260602347552776e-04
4.703269223682582378e-04
3.265260602347552776e-04
3.265260602347552776e-04
7.782769389450550079e-04
7.448411779478192329e-04
1.749811053741723299e-04
5.403214599937200546e-04
3.991505946032702923e-04
3.991505946032702923e-04
2.895508951041847467e-04
6.434887764044106007e-04
1.350659440504387021e-04
7.112382445484399796e-04
8.446795982308685780e-04
3.265260602347552776e-04
5.403214599937200546e-04
4.349008086137473583e-04
7.448411779478192329e-04
2.520421403460204601e-04
5.054589128121733665e-04
8.776612812653183937e-04
7.782769389450550079e-04
1.749811053741723299e-04
5.054589128121733665e-04
6.434887764044106007e-04
5.054589128121733665e-04
5.749353440478444099e-04
5.054589128121733665e-04
4.703269223682582378e-04
4.703269223682582378e-04
3.265260602347552776e-04
5.054589128121733665e-04
3.630407154560089111e-04
3.991505946032702923e-04
4.349008086137473583e-04
7.112382445484399796e-04
6.093193660490214825e-04
9.432198130525648594e-04
3.991505946032702923e-04
7.112382445484399796e-04
5.054589128121733665e-04
3.630407154560089111e-04
5.403214599937200546e-04
7.112382445484399796e-04
6.093193660490214825e-04
4.703269223682582378e-04
6.434887764044106007e-04
6.774574867449700832e-04
6.774574867449700832e-04
8.776612812653183937e-04
8.446795982308685780e-04
6.093193660490214825e-04
5.054589128121733665e-04
4.703269223682582378e-04
1.350659440504387021e-04
5.749353440478444099e-04
7.448411779478192329e-04
5.403214599937200546e-04
4.349008086137473583e-04
2.138995623681694269e-04
9.758076048456132412e-04
8.115534437820315361e-04
8.115534437820315361e-04
5.054589128121733665e-04
5.025010250392369926e-05
3.630407154560089111e-04
2.138995623681694269e-04
5.054589128121733665e-04
7.112382445484399796e-04
7.448411779478192329e-04
9.105060598812997341e-04
3.630407154560089111e-04
1.749811053741723299e-04
7.448411779478192329e-04
2.520421403460204601e-04
5.054589128121733665e-04
2.895508951041847467e-04
9.432198130525648594e-04
6.434887764044106007e-04
3.265260602347552776e-04
6.774574867449700832e-04
2.138995623681694269e-04
5.403214599937200546e-04
4.349008086137473583e-04
6.434887764044106007e-04
7.448411779478192329e-04
5.054589128121733665e-04
2.895508951041847467e-04
5.749353440478444099e-04
7.782769389450550079e-04
7.782769389450550079e-04
2.895508951041847467e-04
5.749353440478444099e-04
5.054589128121733665e-04
8.776612812653183937e-04
5.403214599937200546e-04
7.448411779478192329e-04
5.054589128121733665e-04
5.749353440478444099e-04
4.349008086137473583e-04
3.630407154560089111e-04
3.991505946032702923e-04
4.703269223682582378e-04
3.265260602347552776e-04
7.782769389450550079e-04
3.265260602347552776e-04
9.105060598812997341e-04
5.749353440478444099e-04
9.105060598812997341e-04
6.093193660490214825e-04
4.349008086137473583e-04
6.093193660490214825e-04
5.749353440478444099e-04
2.520421403460204601e-04
3.265260602347552776e-04
9.105060598812997341e-04
5.403214599937200546e-04
7.448411779478192329e-04
6.434887764044106007e-04
2.520421403460204601e-04
8.776612812653183937e-04
4.703269223682582378e-04
7.448411779478192329e-04
4.703269223682582378e-04
2.895508951041847467e-04
8.776612812653183937e-04
2.895508951041847467e-04
9.432198130525648594e-04
9.432198130525648594e-04
7.112382445484399796e-04
2.895508951041847467e-04
2.895508951041847467e-04
5.054589128121733665e-04
1.749811053741723299e-04
2.520421403460204601e-04
4.703269223682582378e-04
7.782769389450550079e-04
4.703269223682582378e-04
2.895508951041847467e-04
7.782769389450550079e-04
6.774574867449700832e-04
4.703269223682582378e-04
5.403214599937200546e-04
2.895508951041847467e-04
5.749353440478444099e-04
4.703269223682582378e-04
5.403214599937200546e-04
2.895508951041847467e-04
3.265260602347552776e-04
3.630407154560089111e-04
3.991505946032702923e-04
5.382247110971755911e-19
4.349008086137473583e-04
2.138995623681694269e-04
7.112382445484399796e-04
3.265260602347552776e-04
6.434887764044106007e-04
5.403214599937200546e-04
3.630407154560089111e-04
3.630407154560089111e-04
8.776612812653183937e-04
4.703269223682582378e-04
8.115534437820315361e-04
7.112382445484399796e-04
6.434887764044106007e-04
6.434887764044106007e-04
8.446795982308685780e-04
7.448411779478192329e-04
5.749353440478444099e-04
6.093193660490214825e-04
7.448411779478192329e-04
5.749353440478444099e-04
6.093193660490214825e-04
6.774574867449700832e-04
5.749353440478444099e-04
5.749353440478444099e-04
3.630407154560089111e-04
4.349008086137473583e-04
4.349008086137473583e-04
2.138995623681694269e-04
5.403214599937200546e-04
6.434887764044106007e-04
4.349008086137473583e-04
1.749811053741723299e-04
5.749353440478444099e-04
1.749811053741723299e-04
5.054589128121733665e-04
3.265260602347552776e-04
4.703269223682582378e-04
7.112382445484399796e-04
2.895508951041847467e-04
7.112382445484399796e-04
2.895508951041847467e-04
6.093193660490214825e-04
5.054589128121733665e-04
4.703269223682582378e-04
4.349008086137473583e-04
2.520421403460204601e-04
3.630407154560089111e-04
3.630407154560089111e-04
4.349008086137473583e-04
7.448411779478192329e-04
8.446795982308685780e-04
3.265260602347552776e-04
4.349008086137473583e-04
5.054589128121733665e-04
5.403214599937200546e-04
4.703269223682582378e-04
6.774574867449700832e-04
5.054589128121733665e-04
2.520421403460204601e-04
4.349008086137473583e-04
2.895508951041847467e-04
3.265260602347552776e-04
5.403214599937200546e-04
5.749353440478444099e-04
4.703269223682582378e-04
5.054589128121733665e-04
3.630407154560089111e-04
4.703269223682582378e-04
4.349008086137473583e-04
3.991505946032702923e-04
3.630407154560089111e-04
3.630407154560089111e-04
9.376994421472772956e-05
2.895508951041847467e-04
1.749811053741723299e-04
3.265260602347552776e-04
6.093193660490214825e-04
5.749353440478444099e-04
3.991505946032702923e-04
5.403214599937200546e-04
8.115534437820315361e-04
3.265260602347552776e-04
2.895508951041847467e-04
6.434887764044106007e-04
5.749353440478444099e-04
7.448411779478192329e-04
5.054589128121733665e-04
6.093193660490214825e-04
8.115534437820315361e-04
5.054589128121733665e-04
6.434887764044106007e-04
2.520421403460204601e-04
2.895508951041847467e-04
6.434887764044106007e-04
9.376994421472772956e-05
2.895508951041847467e-04
6.774574867449700832e-04
3.630407154560089111e-04
3.991505946032702923e-04
4.703269223682582378e-04
2.520421403460204601e-04
3.991505946032702923e-04
4.349008086137473583e-04
1.749811053741723299e-04
2.895508951041847467e-04
5.025010250392369926e-05
5.054589128121733665e-04
7.112382445484399796e-04
6.093193660490214825e-04
3.630407154560089111e-04
2.138995623681694269e-04
1.749811053741723299e-04
6.093193660490214825e-04
3.630407154560089111e-04
4.703269223682582378e-04
8.115534437820315361e-04
3.630407154560089111e-04
5.054589128121733665e-04
6.774574867449700832e-04
5.054589128121733665e-04
1.749811053741723299e-04
4.703269223682582378e-04
2.520421403460204601e-04
3.265260602347552776e-04
4.703269223682582378e-04
6.093193660490214825e-04
1.350659440504387021e-04
1.749811053741723299e-04
5.403214599937200546e-04
5.749353440478444099e-04
4.703269223682582378e-04
2.895508951041847467e-04
5.054589128121733665e-04
5.054589128121733665e-04
6.093193660490214825e-04
4.349008086137473583e-04
5.054589128121733665e-04
2.895508951041847467e-04
4.349008086137473583e-04
3.991505946032702923e-04
7.448411779478192329e-04
5.749353440478444099e-04
3.991505946032702923e-04
3.991505946032702923e-04
5.403214599937200546e-04
2.138995623681694269e-04
4.349008086137473583e-04
2.520421403460204601e-04
5.749353440478444099e-04
3.991505946032702923e-04
3.630407154560089111e-04
3.991505946032702923e-04
2.520421403460204601e-04
9.376994421472772956e-05
6.434887764044106007e-04
4.349008086137473583e-04
3.991505946032702923e-04
5.403214599937200546e-04
3.630407154560089111e-04
2.138995623681694269e-04
4.349008086137473583e-04
2.895508951041847467e-04
3.991505946032702923e-04
2.138995623681694269e-04
7.112382445484399796e-04
3.630407154560089111e-04
4.349008086137473583e-04
2.895508951041847467e-04
3.630407154560089111e-04
4.349008086137473583e-04
2.895508951041847467e-04
5.403214599937200546e-04
4.703269223682582378e-04
3.991505946032702923e-04
2.895508951041847467e-04
5.054589128121733665e-04
3.991505946032702923e-04
5.749353440478444099e-04
6.774574867449700832e-04
2.895508951041847467e-04
4.349008086137473583e-04
2.895508951041847467e-04
3.630407154560089111e-04
3.265260602347552776e-04
3.630407154560089111e-04
2.895508951041847467e-04
6.093193660490214825e-04
5.054589128121733665e-04
4.703269223682582378e-04
1.350659440504387021e-04
5.749353440478444099e-04
3.265260602347552776e-04
1.749811053741723299e-04
5.403214599937200546e-04
3.265260602347552776e-04
4.703269223682582378e-04
5.054589128121733665e-04
6.774574867449700832e-04
1.350659440504387021e-04
5.403214599937200546e-04
6.093193660490214825e-04
2.520421403460204601e-04
1.749811053741723299e-04
3.630407154560089111e-04
4.349008086137473583e-04
6.434887764044106007e-04
5.403214599937200546e-04
6.093193660490214825e-04
5.749353440478444099e-04
1.350659440504387021e-04
5.403214599937200546e-04
1.749811053741723299e-04
2.895508951041847467e-04
3.991505946032702923e-04
5.403214599937200546e-04
1.350659440504387021e-04
3.630407154560089111e-04
3.630407154560089111e-04
6.774574867449700832e-04
3.265260602347552776e-04
3.630407154560089111e-04
6.434887764044106007e-04
3.630407154560089111e-04
3.265260602347552776e-04
4.703269223682582378e-04
6.434887764044106007e-04
1.749811053741723299e-04
5.403214599937200546e-04
3.630407154560089111e-04
2.138995623681694269e-04
3.265260602347552776e-04
2.520421403460204601e-04
4.703269223682582378e-04
5.054589128121733665e-04
4.703269223682582378e-04
2.138995623681694269e-04
6.774574867449700832e-04
3.991505946032702923e-04
4.349008086137473583e-04
2.895508951041847467e-04
5.054589128121733665e-04
3.265260602347552776e-04
5.749353440478444099e-04
5.054589128121733665e-04
5.749353440478444099e-04
2.138995623681694269e-04
3.991505946032702923e-04
4.703269223682582378e-04
1.749811053741723299e-04
3.630407154560089111e-04
5.054589128121733665e-04
4.703269223682582378e-04
2.895508951041847467e-04
4.349008086137473583e-04
6.093193660490214825e-04
3.630407154560089111e-04
3.265260602347552776e-04
3.991505946032702923e-04
5.749353440478444099e-04
1.350659440504387021e-04
3.630407154560089111e-04
5.749353440478444099e-04
2.520421403460204601e-04
1.749811053741723299e-04
4.703269223682582378e-04
3.265260602347552776e-04
2.138995623681694269e-04
2.895508951041847467e-04
3.991505946032702923e-04
1.350659440504387021e-04
5.403214599937200546e-04
3.265260602347552776e-04
3.991505946032702923e-04
2.138995623681694269e-04
9.376994421472772956e-05
2.895508951041847467e-04
3.991505946032702923e-04
3.265260602347552776e-04
3.991505946032702923e-04
5.054589128121733665e-04
4.703269223682582378e-04
4.703269223682582378e-04
1.350659440504387021e-04
3.265260602347552776e-04
1.749811053741723299e-04
3.265260602347552776e-04
1.749811053741723299e-04
9.376994421472772956e-05
5.054589128121733665e-04
2.138995623681694269e-04
1.749811053741723299e-04
9.376994421472772956e-05
3.265260602347552776e-04
2.138995623681694269e-04
3.630407154560089111e-04
5.403214599937200546e-04
4.349008086137473583e-04
4.349008086137473583e-04
2.895508951041847467e-04
2.138995623681694269e-04
5.054589128121733665e-04
3.265260602347552776e-04
5.403214599937200546e-04
1.350659440504387021e-04
3.991505946032702923e-04
3.265260602347552776e-04
2.520421403460204601e-04
3.630407154560089111e-04
5.054589128121733665e-04
3.991505946032702923e-04
4.703269223682582378e-04
2.138995623681694269e-04
3.630407154560089111e-04
2.520421403460204601e-04
2.520421403460204601e-04
1.749811053741723299e-04
3.630407154560089111e-04
2.895508951041847467e-04
2.895508951041847467e-04
4.703269223682582378e-04
1.749811053741723299e-04
4.349008086137473583e-04
5.403214599937200546e-04
3.265260602347552776e-04
2.520421403460204601e-04
2.138995623681694269e-04
2.520421403460204601e-04
3.630407154560089111e-04
5.025010250392369926e-05
2.138995623681694269e-04
5.054589128121733665e-04
2.520421403460204601e-04
2.520421403460204601e-04
4.703269223682582378e-04
3.630407154560089111e-04
1.350659440504387021e-04
3.265260602347552776e-04
2.520421403460204601e-04
3.630407154560089111e-04
1.749811053741723299e-04
3.630407154560089111e-04
2.520421403460204601e-04
1.749811053741723299e-04
3.991505946032702923e-04
3.265260602347552776e-04
2.520421403460204601e-04
3.991505946032702923e-04
4.703269223682582378e-04
5.025010250392369926e-05
5.054589128121733665e-04
3.630407154560089111e-04
3.991505946032702923e-04
1.350659440504387021e-04
5.403214599937200546e-04
4.349008086137473583e-04
3.265260602347552776e-04
2.520421403460204601e-04
3.630407154560089111e-04
2.138995623681694269e-04
3.991505946032702923e-04
2.520421403460204601e-04
4.349008086137473583e-04
9.376994421472772956e-05
2.520421403460204601e-04
1.350659440504387021e-04
5.382247110971755911e-19
4.703269223682582378e-04
2.138995623681694269e-04
2.895508951041847467e-04
2.138995623681694269e-04
3.630407154560089111e-04
3.991505946032702923e-04
3.630407154560089111e-04
2.895508951041847467e-04
9.376994421472772956e-05
2.895508951041847467e-04
1.350659440504387021e-04
3.630407154560089111e-04
1.749811053741723299e-04
3.265260602347552776e-04
5.025010250392369926e-05
1.749811053741723299e-04
1.749811053741723299e-04
1.749811053741723299e-04
1.350659440504387021e-04
1.749811053741723299e-04
3.265260602347552776e-04
2.895508951041847467e-04
2.138995623681694269e-04
2.895508951041847467e-04
2.138995623681694269e-04
5.025010250392369926e-05
1.749811053741723299e-04
3.630407154560089111e-04
1.749811053741723299e-04
3.991505946032702923e-04
5.382247110971755911e-19
2.520421403460204601e-04
2.895508951041847467e-04
2.138995623681694269e-04
2.520421403460204601e-04
2.138995623681694269e-04
1.350659440504387021e-04
2.520421403460204601e-04
3.991505946032702923e-04
2.895508951041847467e-04
4.349008086137473583e-04
4.703269223682582378e-04
3.991505946032702923e-04
2.895508951041847467e-04
3.265260602347552776e-04
2.520421403460204601e-04
1.350659440504387021e-04
5.382247110971755911e-19
2.520421403460204601e-04
2.138995623681694269e-04
3.265260602347552776e-04
1.350659440504387021e-04
2.138995623681694269e-04
3.991505946032702923e-04
2.520421403460204601e-04
3.630407154560089111e-04
2.138995623681694269e-04
2.520421403460204601e-04
2.138995623681694269e-04
2.520421403460204601e-04
3.991505946032702923e-04
1.749811053741723299e-04
2.138995623681694269e-04
1.350659440504387021e-04
3.265260602347552776e-04
2.895508951041847467e-04
2.138995623681694269e-04
2.895508951041847467e-04
2.520421403460204601e-04
3.265260602347552776e-04
2.138995623681694269e-04
3.630407154560089111e-04
4.349008086137473583e-04
3.265260602347552776e-04
2.138995623681694269e-04
2.138995623681694269e-04
3.630407154560089111e-04
9.376994421472772956e-05
9.376994421472772956e-05
3.991505946032702923e-04
2.138995623681694269e-04
2.895508951041847467e-04
1.350659440504387021e-04
3.630407154560089111e-04
1.350659440504387021e-04
2.138995623681694269e-04
9.376994421472772956e-05
3.630407154560089111e-04
2.895508951041847467e-04
2.895508951041847467e-04
3.265260602347552776e-04
3.630407154560089111e-04
2.895508951041847467e-04
2.895508951041847467e-04
1.749811053741723299e-04
2.138995623681694269e-04
2.895508951041847467e-04
2.520421403460204601e-04
2.895508951041847467e-04
1.350659440504387021e-04
1.749811053741723299e-04
5.025010250392369926e-05
2.520421403460204601e-04
1.350659440504387021e-04
2.138995623681694269e-04
3.630407154560089111e-04
3.265260602347552776e-04
5.025010250392369926e-05
3.630407154560089111e-04
1.749811053741723299e-04
1.749811053741723299e-04
9.376994421472772956e-05
3.265260602347552776e-04
9.376994421472772956e-05
5.025010250392369926e-05
9.376994421472772956e-05
2.138995623681694269e-04
2.895508951041847467e-04
2.520421403460204601e-04
2.520421403460204601e-04
2.895508951041847467e-04
2.895508951041847467e-04
3.265260602347552776e-04
3.630407154560089111e-04
1.350659440504387021e-04
2.520421403460204601e-04
3.630407154560089111e-04
1.749811053741723299e-04
1.749811053741723299e-04
5.025010250392369926e-05
2.138995623681694269e-04
3.265260602347552776e-04
3.630407154560089111e-04
2.138995623681694269e-04
1.350659440504387021e-04
2.895508951041847467e-04
2.138995623681694269e-04
3.265260602347552776e-04
2.138995623681694269e-04
2.138995623681694269e-04
2.895508951041847467e-04
2.520421403460204601e-04
2.520421403460204601e-04
3.630407154560089111e-04
1.350659440504387021e-04
2.895508951041847467e-04
3.265260602347552776e-04
1.350659440504387021e-04
2.520421403460204601e-04
2.138995623681694269e-04
1.749811053741723299e-04
2.895508951041847467e-04
3.630407154560089111e-04
1.350659440504387021e-04
2.520421403460204601e-04
2.895508951041847467e-04
1.350659440504387021e-04
2.138995623681694269e-04
2.138995623681694269e-04
3.630407154560089111e-04
3.265260602347552776e-04
2.138995623681694269e-04
2.520421403460204601e-04
5.025010250392369926e-05
9.376994421472772956e-05
2.520421403460204601e-04
2.520421403460204601e-04
1.749811053741723299e-04
2.520421403460204601e-04
5.025010250392369926e-05
9.376994421472772956e-05
9.376994421472772956e-05
3.265260602347552776e-04
2.138995623681694269e-04
1.749811053741723299e-04
1.350659440504387021e-04
1.749811053741723299e-04
1.350659440504387021e-04
1.350659440504387021e-04
2.138995623681694269e-04
1.749811053741723299e-04
1.749811053741723299e-04
2.138995623681694269e-04
2.520421403460204601e-04
2.138995623681694269e-04
1.749811053741723299e-04
3.265260602347552776e-04
9.376994421472772956e-05
5.025010250392369926e-05
2.138995623681694269e-04
9.376994421472772956e-05
2.520421403460204601e-04
2.520421403460204601e-04
1.749811053741723299e-04
2.138995623681694269e-04
9.376994421472772956e-05
9.376994421472772956e-05
1.350659440504387021e-04
1.749811053741723299e-04
1.350659440504387021e-04
1.749811053741723299e-04
2.138995623681694269e-04
9.376994421472772956e-05
2.520421403460204601e-04
1.749811053741723299e-04
2.520421403460204601e-04
2.520421403460204601e-04
9.376994421472772956e-05
2.520421403460204601e-04
2.520421403460204601e-04
1.350659440504387021e-04
1.749811053741723299e-04
5.025010250392369926e-05
1.350659440504387021e-04
5.025010250392369926e-05
9.376994421472772956e-05
1.350659440504387021e-04
1.350659440504387021e-04
2.138995623681694269e-04
1.749811053741723299e-04
2.138995623681694269e-04
1.350659440504387021e-04
1.350659440504387021e-04
9.376994421472772956e-05
1.749811053741723299e-04
1.749811053741723299e-04
1.749811053741723299e-04
1.350659440504387021e-04
9.376994421472772956e-05
9.376994421472772956e-05
1.749811053741723299e-04
5.025010250392369926e-05
1.350659440504387021e-04
1.350659440504387021e-04
9.376994421472772956e-05
9.376994421472772956e-05
1.749811053741723299e-04
2.138995623681694269e-04
1.350659440504387021e-04
1.749811053741723299e-04
9.376994421472772956e-05
1.350659440504387021e-04
1.350659440504387021e-04
1.350659440504387021e-04
1.350659440504387021e-04
9.376994421472772956e-05
5.025010250392369926e-05
5.382247110971755911e-19
1.749811053741723299e-04
5.025010250392369926e-05
2.138995623681694269e-04
1.350659440504387021e-04
5.025010250392369926e-05
9.376994421472772956e-05
1.350659440504387021e-04
5.025010250392369926e-05
9.376994421472772956e-05
1.350659440504387021e-04
1.749811053741723299e-04
