[130,
 130,
 688,
 574,
 130,
 130,
 688,
 574,
 130,
 688,
 574,
 130,
 130,
 130,
 688,
 574,
 130,
 688,
 574,
 130,
 688,
 574,
 130,
 688,
 574,
 130,
 130,
 688,
 574,
 130,
 130,
 130,
 130,
 130,
 130,
 688,
 574,
 130,
 688,
 574,
 130,
 688,
 574,
 130,
 130,
 688,
 574,
 130,
 130,
 130,
 688,
 574,
 130,
 688,
 574,
 130,
 688,
 574,
 130,
 688,
 574,
 130,
 130,
 688,
 574,
 130,
 688,
 574,
 130,
 688,
 574,
 130,
 688,
 574,
 130,
 130,
 688,
 574,
 130,
 688,
 574,
 130,
 688,
 574,
 130,
 688,
 574,
 130,
 130,
 688,
 574,
 130,
 688,
 574,
 130,
 688,
 574,
 130,
 688,
 574,
 130,
 688,
 574,
 130,
 688,
 574,
 130,
 130,
 130,
 130,
 688,
 574]