[90,
 354,
 975,
 218,
 354,
 354,
 271,
 90,
 582,
 354,
 354,
 90,
 88,
 90,
 90,
 90,
 354,
 1035,
 354,
 549,
 354,
 975,
 947,
 354,
 354,
 343,
 354,
 354,
 354,
 975,
 3,
 18,
 343,
 975,
 71,
 975,
 354,
 354,
 354,
 4,
 1082,
 975,
 354,
 343,
 975,
 354,
 354,
 549,
 354,
 975,
 975,
 1039,
 354,
 518,
 309,
 975,
 852,
 572,
 236,
 354,
 90,
 354,
 975,
 343,
 354,
 354,
 975,
 354,
 354,
 354,
 354,
 354,
 3,
 354,
 975,
 599,
 354,
 975,
 354,
 343,
 975,
 975,
 285,
 354,
 354,
 975,
 354]