2.673059934750199318e-03
2.618618775159120560e-03
2.674190560355782509e-03
2.830486511811614037e-03
2.684315433725714684e-03
2.561399945989251137e-03
2.689901972189545631e-03
2.603084547445178032e-03
2.503671683371067047e-03
2.601880580186843872e-03
2.422931371256709099e-03
1.780533697456121445e-03
2.364401239901781082e-03
2.347697736695408821e-03
2.401371719315648079e-03
1.831359695643186569e-03
2.310259733349084854e-03
1.584314508363604546e-03
2.027167240157723427e-03
1.632416737265884876e-03
1.564872567541897297e-03
1.213628915138542652e-03
1.489742659032344818e-03
1.362489769235253334e-03
1.528384513221681118e-03
1.274266396649181843e-03
1.471791882067918777e-03
1.191755640320479870e-03
1.414622529409825802e-03
1.311227562837302685e-03
1.213628915138542652e-03
1.591937616467475891e-03
1.280601019971072674e-03
1.373289385810494423e-03
1.299178577028214931e-03
1.254808274097740650e-03
1.540771918371319771e-03
1.572716515511274338e-03
1.439088839106261730e-03
1.261372235603630543e-03
1.213628915138542652e-03
1.639529597014188766e-03
8.407022105529904366e-04
1.267857383936643600e-03
1.362489769235253334e-03
1.317156245931982994e-03
1.311227562837302685e-03
1.248162938281893730e-03
1.254808274097740650e-03
8.728698594495654106e-04
1.404553535394370556e-03
1.035025808960199356e-03
1.367914490401744843e-03
1.161049236543476582e-03
1.254808274097740650e-03
1.213628915138542652e-03
1.024552737362682819e-03
1.334578962996602058e-03
1.345905475318431854e-03
1.045257784426212311e-03
1.367914490401744843e-03
1.153069315478205681e-03
1.136710983701050282e-03
1.286863349378108978e-03
1.340270275250077248e-03
1.184252207167446613e-03
1.357014058157801628e-03
1.111091929487884045e-03
1.409608870744705200e-03
1.176636316813528538e-03
1.328830374404788017e-03
1.254808274097740650e-03
1.286863349378108978e-03
9.299951489083468914e-04
1.176636316813528538e-03
1.254808274097740650e-03
1.267857383936643600e-03
1.254808274097740650e-03
1.074628904461860657e-03
1.168903429061174393e-03
9.680064395070075989e-04
1.206440152600407600e-03
1.234619063325226307e-03
1.220719539560377598e-03
1.161049236543476582e-03
1.002822187729179859e-03
1.184252207167446613e-03
1.220719539560377598e-03
1.389126642607152462e-03
1.199150457978248596e-03
1.234619063325226307e-03
8.728698594495654106e-04
1.136710983701050282e-03
1.293055131100118160e-03
1.045257784426212311e-03
1.084014889784157276e-03
9.024870814755558968e-04
1.119783846661448479e-03
1.144958310760557652e-03
1.227715052664279938e-03
1.323023461736738682e-03
1.084014889784157276e-03
1.084014889784157276e-03
7.212529308162629604e-04
1.084014889784157276e-03
1.161049236543476582e-03
1.220719539560377598e-03
1.199150457978248596e-03
7.660067640244960785e-04
1.191755640320479870e-03
1.161049236543476582e-03
1.084014889784157276e-03
1.254808274097740650e-03
1.128321397118270397e-03
9.557256707921624184e-04
1.002822187729179859e-03
1.119783846661448479e-03
9.680064395070075989e-04
1.055261003784835339e-03
1.311227562837302685e-03
1.128321397118270397e-03
1.267857383936643600e-03
1.168903429061174393e-03
9.164817165583372116e-04
1.136710983701050282e-03
1.128321397118270397e-03
1.128321397118270397e-03
1.168903429061174393e-03
9.915323462337255478e-04
8.879665401764214039e-04
1.045257784426212311e-03
1.119783846661448479e-03
9.915323462337255478e-04
1.254808274097740650e-03
7.862654747441411018e-04
9.680064395070075989e-04
1.055261003784835339e-03
9.915323462337255478e-04
1.286863349378108978e-03
1.227715052664279938e-03
9.164817165583372116e-04
1.267857383936643600e-03
9.799341205507516861e-04
1.111091929487884045e-03
8.728698594495654106e-04
1.055261003784835339e-03
1.035025808960199356e-03
9.915323462337255478e-04
9.164817165583372116e-04
9.557256707921624184e-04
7.212529308162629604e-04
9.430649806745350361e-04
1.065047457814216614e-03
1.065047457814216614e-03
8.053744677454233170e-04
1.002822187729179859e-03
1.035025808960199356e-03
9.557256707921624184e-04
9.915323462337255478e-04
1.206440152600407600e-03
1.234619063325226307e-03
1.128321397118270397e-03
7.660067640244960785e-04
8.234803099185228348e-04
9.557256707921624184e-04
9.915323462337255478e-04
1.065047457814216614e-03
1.065047457814216614e-03
1.176636316813528538e-03
1.002822187729179859e-03
8.234803099185228348e-04
1.227715052664279938e-03
9.164817165583372116e-04
6.962124607525765896e-04
5.655003478750586510e-04
9.430649806745350361e-04
9.915323462337255478e-04
8.053744677454233170e-04
8.234803099185228348e-04
7.660067640244960785e-04
9.680064395070075989e-04
9.680064395070075989e-04
9.164817165583372116e-04
9.164817165583372116e-04
1.144958310760557652e-03
1.045257784426212311e-03
1.024552737362682819e-03
5.187417846173048019e-04
1.084014889784157276e-03
9.680064395070075989e-04
9.799341205507516861e-04
8.879665401764214039e-04
7.660067640244960785e-04
1.035025808960199356e-03
1.153069315478205681e-03
1.013823202811181545e-03
1.045257784426212311e-03
6.962124607525765896e-04
1.002822187729179859e-03
1.128321397118270397e-03
9.680064395070075989e-04
1.102237962186336517e-03
9.430649806745350361e-04
1.136710983701050282e-03
9.299951489083468914e-04
9.799341205507516861e-04
1.144958310760557652e-03
7.444144575856626034e-04
8.053744677454233170e-04
1.002822187729179859e-03
1.045257784426212311e-03
9.024870814755558968e-04
9.799341205507516861e-04
1.084014889784157276e-03
1.136710983701050282e-03
1.136710983701050282e-03
9.557256707921624184e-04
8.234803099185228348e-04
1.002822187729179859e-03
1.024552737362682819e-03
9.164817165583372116e-04
1.002822187729179859e-03
1.136710983701050282e-03
1.128321397118270397e-03
1.055261003784835339e-03
1.055261003784835339e-03
8.053744677454233170e-04
9.680064395070075989e-04
9.299951489083468914e-04
9.024870814755558968e-04
1.111091929487884045e-03
1.013823202811181545e-03
8.879665401764214039e-04
1.065047457814216614e-03
1.093215076252818108e-03
6.688738358207046986e-04
9.024870814755558968e-04
1.084014889784157276e-03
1.119783846661448479e-03
1.065047457814216614e-03
8.407022105529904366e-04
1.055261003784835339e-03
1.065047457814216614e-03
8.571382495574653149e-04
1.153069315478205681e-03
9.164817165583372116e-04
1.093215076252818108e-03
9.430649806745350361e-04
8.234803099185228348e-04
1.136710983701050282e-03
1.111091929487884045e-03
1.093215076252818108e-03
1.002822187729179859e-03
8.234803099185228348e-04
9.799341205507516861e-04
1.119783846661448479e-03
7.212529308162629604e-04
7.212529308162629604e-04
1.084014889784157276e-03
1.024552737362682819e-03
1.084014889784157276e-03
6.386460736393928528e-04
1.093215076252818108e-03
8.234803099185228348e-04
9.680064395070075989e-04
9.299951489083468914e-04
1.024552737362682819e-03
1.084014889784157276e-03
1.102237962186336517e-03
9.430649806745350361e-04
8.879665401764214039e-04
8.234803099185228348e-04
7.862654747441411018e-04
9.299951489083468914e-04
9.557256707921624184e-04
9.799341205507516861e-04
8.234803099185228348e-04
1.065047457814216614e-03
8.728698594495654106e-04
1.102237962186336517e-03
1.013823202811181545e-03
7.444144575856626034e-04
7.660067640244960785e-04
7.660067640244960785e-04
6.962124607525765896e-04
9.680064395070075989e-04
8.053744677454233170e-04
6.688738358207046986e-04
1.013823202811181545e-03
8.407022105529904366e-04
9.024870814755558968e-04
1.013823202811181545e-03
7.212529308162629604e-04
8.053744677454233170e-04
8.407022105529904366e-04
6.386460736393928528e-04
7.660067640244960785e-04
1.111091929487884045e-03
7.444144575856626034e-04
8.407022105529904366e-04
1.102237962186336517e-03
8.407022105529904366e-04
9.299951489083468914e-04
1.074628904461860657e-03
8.053744677454233170e-04
7.212529308162629604e-04
9.799341205507516861e-04
9.680064395070075989e-04
9.557256707921624184e-04
1.013823202811181545e-03
6.688738358207046986e-04
8.728698594495654106e-04
9.915323462337255478e-04
8.879665401764214039e-04
7.444144575856626034e-04
7.862654747441411018e-04
1.013823202811181545e-03
8.571382495574653149e-04
9.557256707921624184e-04
9.164817165583372116e-04
8.234803099185228348e-04
1.119783846661448479e-03
9.557256707921624184e-04
9.915323462337255478e-04
8.053744677454233170e-04
9.024870814755558968e-04
6.688738358207046986e-04
9.164817165583372116e-04
8.053744677454233170e-04
8.728698594495654106e-04
8.407022105529904366e-04
1.093215076252818108e-03
8.728698594495654106e-04
1.102237962186336517e-03
8.728698594495654106e-04
1.013823202811181545e-03
1.024552737362682819e-03
8.053744677454233170e-04
9.680064395070075989e-04
6.688738358207046986e-04
5.187417846173048019e-04
8.234803099185228348e-04
7.444144575856626034e-04
9.164817165583372116e-04
8.053744677454233170e-04
6.688738358207046986e-04
6.962124607525765896e-04
9.430649806745350361e-04
9.299951489083468914e-04
9.430649806745350361e-04
8.407022105529904366e-04
1.002822187729179859e-03
8.879665401764214039e-04
8.407022105529904366e-04
1.013823202811181545e-03
1.045257784426212311e-03
1.013823202811181545e-03
9.557256707921624184e-04
9.915323462337255478e-04
9.164817165583372116e-04
7.862654747441411018e-04
8.728698594495654106e-04
9.024870814755558968e-04
7.862654747441411018e-04
9.024870814755558968e-04
8.407022105529904366e-04
9.430649806745350361e-04
1.035025808960199356e-03
8.407022105529904366e-04
7.660067640244960785e-04
6.962124607525765896e-04
1.024552737362682819e-03
8.407022105529904366e-04
9.915323462337255478e-04
8.571382495574653149e-04
8.879665401764214039e-04
1.013823202811181545e-03
6.386460736393928528e-04
7.444144575856626034e-04
6.688738358207046986e-04
8.053744677454233170e-04
1.074628904461860657e-03
9.799341205507516861e-04
9.680064395070075989e-04
8.407022105529904366e-04
9.557256707921624184e-04
8.407022105529904366e-04
7.862654747441411018e-04
8.234803099185228348e-04
1.013823202811181545e-03
1.035025808960199356e-03
6.386460736393928528e-04
1.013823202811181545e-03
8.053744677454233170e-04
1.002822187729179859e-03
9.164817165583372116e-04
9.557256707921624184e-04
8.407022105529904366e-04
8.407022105529904366e-04
8.728698594495654106e-04
9.164817165583372116e-04
8.728698594495654106e-04
1.055261003784835339e-03
6.046525668352842331e-04
7.212529308162629604e-04
9.430649806745350361e-04
7.660067640244960785e-04
8.407022105529904366e-04
1.024552737362682819e-03
1.045257784426212311e-03
1.002822187729179859e-03
6.688738358207046986e-04
7.862654747441411018e-04
9.299951489083468914e-04
7.444144575856626034e-04
1.024552737362682819e-03
8.234803099185228348e-04
8.571382495574653149e-04
6.962124607525765896e-04
9.299951489083468914e-04
6.386460736393928528e-04
6.688738358207046986e-04
8.571382495574653149e-04
6.688738358207046986e-04
8.407022105529904366e-04
9.024870814755558968e-04
8.234803099185228348e-04
1.055261003784835339e-03
9.915323462337255478e-04
7.444144575856626034e-04
6.046525668352842331e-04
9.680064395070075989e-04
6.386460736393928528e-04
7.660067640244960785e-04
6.962124607525765896e-04
7.862654747441411018e-04
6.962124607525765896e-04
6.962124607525765896e-04
9.299951489083468914e-04
9.164817165583372116e-04
5.655003478750586510e-04
8.234803099185228348e-04
7.444144575856626034e-04
7.444144575856626034e-04
6.688738358207046986e-04
8.728698594495654106e-04
5.187417846173048019e-04
9.024870814755558968e-04
9.557256707921624184e-04
6.962124607525765896e-04
8.234803099185228348e-04
7.660067640244960785e-04
9.164817165583372116e-04
6.386460736393928528e-04
8.053744677454233170e-04
9.680064395070075989e-04
9.299951489083468914e-04
5.655003478750586510e-04
8.053744677454233170e-04
8.728698594495654106e-04
8.053744677454233170e-04
8.407022105529904366e-04
8.053744677454233170e-04
7.862654747441411018e-04
7.862654747441411018e-04
6.962124607525765896e-04
8.053744677454233170e-04
7.212529308162629604e-04
7.444144575856626034e-04
7.660067640244960785e-04
9.024870814755558968e-04
8.571382495574653149e-04
9.915323462337255478e-04
7.444144575856626034e-04
9.024870814755558968e-04
8.053744677454233170e-04
7.212529308162629604e-04
8.234803099185228348e-04
9.024870814755558968e-04
8.571382495574653149e-04
7.862654747441411018e-04
8.728698594495654106e-04
8.879665401764214039e-04
8.879665401764214039e-04
9.680064395070075989e-04
9.557256707921624184e-04
8.571382495574653149e-04
8.053744677454233170e-04
7.862654747441411018e-04
5.187417846173048019e-04
8.407022105529904366e-04
9.164817165583372116e-04
8.234803099185228348e-04
7.660067640244960785e-04
6.046525668352842331e-04
1.002822187729179859e-03
9.430649806745350361e-04
9.430649806745350361e-04
8.053744677454233170e-04
3.730910830199718475e-04
7.212529308162629604e-04
6.046525668352842331e-04
8.053744677454233170e-04
9.024870814755558968e-04
9.164817165583372116e-04
9.799341205507516861e-04
7.212529308162629604e-04
5.655003478750586510e-04
9.164817165583372116e-04
6.386460736393928528e-04
8.053744677454233170e-04
6.688738358207046986e-04
9.915323462337255478e-04
8.728698594495654106e-04
6.962124607525765896e-04
8.879665401764214039e-04
6.046525668352842331e-04
8.234803099185228348e-04
7.660067640244960785e-04
8.728698594495654106e-04
9.164817165583372116e-04
8.053744677454233170e-04
6.688738358207046986e-04
8.407022105529904366e-04
9.299951489083468914e-04
9.299951489083468914e-04
6.688738358207046986e-04
8.407022105529904366e-04
8.053744677454233170e-04
9.680064395070075989e-04
8.234803099185228348e-04
9.164817165583372116e-04
8.053744677454233170e-04
8.407022105529904366e-04
7.660067640244960785e-04
7.212529308162629604e-04
7.444144575856626034e-04
7.862654747441411018e-04
6.962124607525765896e-04
9.299951489083468914e-04
6.962124607525765896e-04
9.799341205507516861e-04
8.407022105529904366e-04
9.799341205507516861e-04
8.571382495574653149e-04
7.660067640244960785e-04
8.571382495574653149e-04
8.407022105529904366e-04
6.386460736393928528e-04
6.962124607525765896e-04
9.799341205507516861e-04
8.234803099185228348e-04
9.164817165583372116e-04
8.728698594495654106e-04
6.386460736393928528e-04
9.680064395070075989e-04
7.862654747441411018e-04
9.164817165583372116e-04
7.862654747441411018e-04
6.688738358207046986e-04
9.680064395070075989e-04
6.688738358207046986e-04
9.915323462337255478e-04
9.915323462337255478e-04
9.024870814755558968e-04
6.688738358207046986e-04
6.688738358207046986e-04
8.053744677454233170e-04
5.655003478750586510e-04
6.386460736393928528e-04
7.862654747441411018e-04
9.299951489083468914e-04
7.862654747441411018e-04
6.688738358207046986e-04
9.299951489083468914e-04
8.879665401764214039e-04
7.862654747441411018e-04
8.234803099185228348e-04
6.688738358207046986e-04
8.407022105529904366e-04
7.862654747441411018e-04
8.234803099185228348e-04
6.688738358207046986e-04
6.962124607525765896e-04
7.212529308162629604e-04
7.444144575856626034e-04
8.224131597955874895e-09
7.660067640244960785e-04
6.046525668352842331e-04
9.024870814755558968e-04
6.962124607525765896e-04
8.728698594495654106e-04
8.234803099185228348e-04
7.212529308162629604e-04
7.212529308162629604e-04
9.680064395070075989e-04
7.862654747441411018e-04
9.430649806745350361e-04
9.024870814755558968e-04
8.728698594495654106e-04
8.728698594495654106e-04
9.557256707921624184e-04
9.164817165583372116e-04
8.407022105529904366e-04
8.571382495574653149e-04
9.164817165583372116e-04
8.407022105529904366e-04
8.571382495574653149e-04
8.879665401764214039e-04
8.407022105529904366e-04
8.407022105529904366e-04
7.212529308162629604e-04
7.660067640244960785e-04
7.660067640244960785e-04
6.046525668352842331e-04
8.234803099185228348e-04
8.728698594495654106e-04
7.660067640244960785e-04
5.655003478750586510e-04
8.407022105529904366e-04
5.655003478750586510e-04
8.053744677454233170e-04
6.962124607525765896e-04
7.862654747441411018e-04
9.024870814755558968e-04
6.688738358207046986e-04
9.024870814755558968e-04
6.688738358207046986e-04
8.571382495574653149e-04
8.053744677454233170e-04
7.862654747441411018e-04
7.660067640244960785e-04
6.386460736393928528e-04
7.212529308162629604e-04
7.212529308162629604e-04
7.660067640244960785e-04
9.164817165583372116e-04
9.557256707921624184e-04
6.962124607525765896e-04
7.660067640244960785e-04
8.053744677454233170e-04
8.234803099185228348e-04
7.862654747441411018e-04
8.879665401764214039e-04
8.053744677454233170e-04
6.386460736393928528e-04
7.660067640244960785e-04
6.688738358207046986e-04
6.962124607525765896e-04
8.234803099185228348e-04
8.407022105529904366e-04
7.862654747441411018e-04
8.053744677454233170e-04
7.212529308162629604e-04
7.862654747441411018e-04
7.660067640244960785e-04
7.444144575856626034e-04
7.212529308162629604e-04
7.212529308162629604e-04
4.593289049807935953e-04
6.688738358207046986e-04
5.655003478750586510e-04
6.962124607525765896e-04
8.571382495574653149e-04
8.407022105529904366e-04
7.444144575856626034e-04
8.234803099185228348e-04
9.430649806745350361e-04
6.962124607525765896e-04
6.688738358207046986e-04
8.728698594495654106e-04
8.407022105529904366e-04
9.164817165583372116e-04
8.053744677454233170e-04
8.571382495574653149e-04
9.430649806745350361e-04
8.053744677454233170e-04
8.728698594495654106e-04
6.386460736393928528e-04
6.688738358207046986e-04
8.728698594495654106e-04
4.593289049807935953e-04
6.688738358207046986e-04
8.879665401764214039e-04
7.212529308162629604e-04
7.444144575856626034e-04
7.862654747441411018e-04
6.386460736393928528e-04
7.444144575856626034e-04
7.660067640244960785e-04
5.655003478750586510e-04
6.688738358207046986e-04
3.730910830199718475e-04
8.053744677454233170e-04
9.024870814755558968e-04
8.571382495574653149e-04
7.212529308162629604e-04
6.046525668352842331e-04
5.655003478750586510e-04
8.571382495574653149e-04
7.212529308162629604e-04
7.862654747441411018e-04
9.430649806745350361e-04
7.212529308162629604e-04
8.053744677454233170e-04
8.879665401764214039e-04
8.053744677454233170e-04
5.655003478750586510e-04
7.862654747441411018e-04
6.386460736393928528e-04
6.962124607525765896e-04
7.862654747441411018e-04
8.571382495574653149e-04
5.187417846173048019e-04
5.655003478750586510e-04
8.234803099185228348e-04
8.407022105529904366e-04
7.862654747441411018e-04
6.688738358207046986e-04
8.053744677454233170e-04
8.053744677454233170e-04
8.571382495574653149e-04
7.660067640244960785e-04
8.053744677454233170e-04
6.688738358207046986e-04
7.660067640244960785e-04
7.444144575856626034e-04
9.164817165583372116e-04
8.407022105529904366e-04
7.444144575856626034e-04
7.444144575856626034e-04
8.234803099185228348e-04
6.046525668352842331e-04
7.660067640244960785e-04
6.386460736393928528e-04
8.407022105529904366e-04
7.444144575856626034e-04
7.212529308162629604e-04
7.444144575856626034e-04
6.386460736393928528e-04
4.593289049807935953e-04
8.728698594495654106e-04
7.660067640244960785e-04
7.444144575856626034e-04
8.234803099185228348e-04
7.212529308162629604e-04
6.046525668352842331e-04
7.660067640244960785e-04
6.688738358207046986e-04
7.444144575856626034e-04
6.046525668352842331e-04
9.024870814755558968e-04
7.212529308162629604e-04
7.660067640244960785e-04
6.688738358207046986e-04
7.212529308162629604e-04
7.660067640244960785e-04
6.688738358207046986e-04
8.234803099185228348e-04
7.862654747441411018e-04
7.444144575856626034e-04
6.688738358207046986e-04
8.053744677454233170e-04
7.444144575856626034e-04
8.407022105529904366e-04
8.879665401764214039e-04
6.688738358207046986e-04
7.660067640244960785e-04
6.688738358207046986e-04
7.212529308162629604e-04
6.962124607525765896e-04
7.212529308162629604e-04
6.688738358207046986e-04
8.571382495574653149e-04
8.053744677454233170e-04
7.862654747441411018e-04
5.187417846173048019e-04
8.407022105529904366e-04
6.962124607525765896e-04
5.655003478750586510e-04
8.234803099185228348e-04
6.962124607525765896e-04
7.862654747441411018e-04
8.053744677454233170e-04
8.879665401764214039e-04
5.187417846173048019e-04
8.234803099185228348e-04
8.571382495574653149e-04
6.386460736393928528e-04
5.655003478750586510e-04
7.212529308162629604e-04
7.660067640244960785e-04
8.728698594495654106e-04
8.234803099185228348e-04
8.571382495574653149e-04
8.407022105529904366e-04
5.187417846173048019e-04
8.234803099185228348e-04
5.655003478750586510e-04
6.688738358207046986e-04
7.444144575856626034e-04
8.234803099185228348e-04
5.187417846173048019e-04
7.212529308162629604e-04
7.212529308162629604e-04
8.879665401764214039e-04
6.962124607525765896e-04
7.212529308162629604e-04
8.728698594495654106e-04
7.212529308162629604e-04
6.962124607525765896e-04
7.862654747441411018e-04
8.728698594495654106e-04
5.655003478750586510e-04
8.234803099185228348e-04
7.212529308162629604e-04
6.046525668352842331e-04
6.962124607525765896e-04
6.386460736393928528e-04
7.862654747441411018e-04
8.053744677454233170e-04
7.862654747441411018e-04
6.046525668352842331e-04
8.879665401764214039e-04
7.444144575856626034e-04
7.660067640244960785e-04
6.688738358207046986e-04
8.053744677454233170e-04
6.962124607525765896e-04
8.407022105529904366e-04
8.053744677454233170e-04
8.407022105529904366e-04
6.046525668352842331e-04
7.444144575856626034e-04
7.862654747441411018e-04
5.655003478750586510e-04
7.212529308162629604e-04
8.053744677454233170e-04
7.862654747441411018e-04
6.688738358207046986e-04
7.660067640244960785e-04
8.571382495574653149e-04
7.212529308162629604e-04
6.962124607525765896e-04
7.444144575856626034e-04
8.407022105529904366e-04
5.187417846173048019e-04
7.212529308162629604e-04
8.407022105529904366e-04
6.386460736393928528e-04
5.655003478750586510e-04
7.862654747441411018e-04
6.962124607525765896e-04
6.046525668352842331e-04
6.688738358207046986e-04
7.444144575856626034e-04
5.187417846173048019e-04
8.234803099185228348e-04
6.962124607525765896e-04
7.444144575856626034e-04
6.046525668352842331e-04
4.593289049807935953e-04
6.688738358207046986e-04
7.444144575856626034e-04
6.962124607525765896e-04
7.444144575856626034e-04
8.053744677454233170e-04
7.862654747441411018e-04
7.862654747441411018e-04
5.187417846173048019e-04
6.962124607525765896e-04
5.655003478750586510e-04
6.962124607525765896e-04
5.655003478750586510e-04
4.593289049807935953e-04
8.053744677454233170e-04
6.046525668352842331e-04
5.655003478750586510e-04
4.593289049807935953e-04
6.962124607525765896e-04
6.046525668352842331e-04
7.212529308162629604e-04
8.234803099185228348e-04
7.660067640244960785e-04
7.660067640244960785e-04
6.688738358207046986e-04
6.046525668352842331e-04
8.053744677454233170e-04
6.962124607525765896e-04
8.234803099185228348e-04
5.187417846173048019e-04
7.444144575856626034e-04
6.962124607525765896e-04
6.386460736393928528e-04
7.212529308162629604e-04
8.053744677454233170e-04
7.444144575856626034e-04
7.862654747441411018e-04
6.046525668352842331e-04
7.212529308162629604e-04
6.386460736393928528e-04
6.386460736393928528e-04
5.655003478750586510e-04
7.212529308162629604e-04
6.688738358207046986e-04
6.688738358207046986e-04
7.862654747441411018e-04
5.655003478750586510e-04
7.660067640244960785e-04
8.234803099185228348e-04
6.962124607525765896e-04
6.386460736393928528e-04
6.046525668352842331e-04
6.386460736393928528e-04
7.212529308162629604e-04
3.730910830199718475e-04
6.046525668352842331e-04
8.053744677454233170e-04
6.386460736393928528e-04
6.386460736393928528e-04
7.862654747441411018e-04
7.212529308162629604e-04
5.187417846173048019e-04
6.962124607525765896e-04
6.386460736393928528e-04
7.212529308162629604e-04
5.655003478750586510e-04
7.212529308162629604e-04
6.386460736393928528e-04
5.655003478750586510e-04
7.444144575856626034e-04
6.962124607525765896e-04
6.386460736393928528e-04
7.444144575856626034e-04
7.862654747441411018e-04
3.730910830199718475e-04
8.053744677454233170e-04
7.212529308162629604e-04
7.444144575856626034e-04
5.187417846173048019e-04
8.234803099185228348e-04
7.660067640244960785e-04
6.962124607525765896e-04
6.386460736393928528e-04
7.212529308162629604e-04
6.046525668352842331e-04
7.444144575856626034e-04
6.386460736393928528e-04
7.660067640244960785e-04
4.593289049807935953e-04
6.386460736393928528e-04
5.187417846173048019e-04
8.224131597955874895e-09
7.862654747441411018e-04
6.046525668352842331e-04
6.688738358207046986e-04
6.046525668352842331e-04
7.212529308162629604e-04
7.444144575856626034e-04
7.212529308162629604e-04
6.688738358207046986e-04
4.593289049807935953e-04
6.688738358207046986e-04
5.187417846173048019e-04
7.212529308162629604e-04
5.655003478750586510e-04
6.962124607525765896e-04
3.730910830199718475e-04
5.655003478750586510e-04
5.655003478750586510e-04
5.655003478750586510e-04
5.187417846173048019e-04
5.655003478750586510e-04
6.962124607525765896e-04
6.688738358207046986e-04
6.046525668352842331e-04
6.688738358207046986e-04
6.046525668352842331e-04
3.730910830199718475e-04
5.655003478750586510e-04
7.212529308162629604e-04
5.655003478750586510e-04
7.444144575856626034e-04
8.224131597955874895e-09
6.386460736393928528e-04
6.688738358207046986e-04
6.046525668352842331e-04
6.386460736393928528e-04
6.046525668352842331e-04
5.187417846173048019e-04
6.386460736393928528e-04
7.444144575856626034e-04
6.688738358207046986e-04
7.660067640244960785e-04
7.862654747441411018e-04
7.444144575856626034e-04
6.688738358207046986e-04
6.962124607525765896e-04
6.386460736393928528e-04
5.187417846173048019e-04
8.224131597955874895e-09
6.386460736393928528e-04
6.046525668352842331e-04
6.962124607525765896e-04
5.187417846173048019e-04
6.046525668352842331e-04
7.444144575856626034e-04
6.386460736393928528e-04
7.212529308162629604e-04
6.046525668352842331e-04
6.386460736393928528e-04
6.046525668352842331e-04
6.386460736393928528e-04
7.444144575856626034e-04
5.655003478750586510e-04
6.046525668352842331e-04
5.187417846173048019e-04
6.962124607525765896e-04
6.688738358207046986e-04
6.046525668352842331e-04
6.688738358207046986e-04
6.386460736393928528e-04
6.962124607525765896e-04
6.046525668352842331e-04
7.212529308162629604e-04
7.660067640244960785e-04
6.962124607525765896e-04
6.046525668352842331e-04
6.046525668352842331e-04
7.212529308162629604e-04
4.593289049807935953e-04
4.593289049807935953e-04
7.444144575856626034e-04
6.046525668352842331e-04
6.688738358207046986e-04
5.187417846173048019e-04
7.212529308162629604e-04
5.187417846173048019e-04
6.046525668352842331e-04
4.593289049807935953e-04
7.212529308162629604e-04
6.688738358207046986e-04
6.688738358207046986e-04
6.962124607525765896e-04
7.212529308162629604e-04
6.688738358207046986e-04
6.688738358207046986e-04
5.655003478750586510e-04
6.046525668352842331e-04
6.688738358207046986e-04
6.386460736393928528e-04
6.688738358207046986e-04
5.187417846173048019e-04
5.655003478750586510e-04
3.730910830199718475e-04
6.386460736393928528e-04
5.187417846173048019e-04
6.046525668352842331e-04
7.212529308162629604e-04
6.962124607525765896e-04
3.730910830199718475e-04
7.212529308162629604e-04
5.655003478750586510e-04
5.655003478750586510e-04
4.593289049807935953e-04
6.962124607525765896e-04
4.593289049807935953e-04
3.730910830199718475e-04
4.593289049807935953e-04
6.046525668352842331e-04
6.688738358207046986e-04
6.386460736393928528e-04
6.386460736393928528e-04
6.688738358207046986e-04
6.688738358207046986e-04
6.962124607525765896e-04
7.212529308162629604e-04
5.187417846173048019e-04
6.386460736393928528e-04
7.212529308162629604e-04
5.655003478750586510e-04
5.655003478750586510e-04
3.730910830199718475e-04
6.046525668352842331e-04
6.962124607525765896e-04
7.212529308162629604e-04
6.046525668352842331e-04
5.187417846173048019e-04
6.688738358207046986e-04
6.046525668352842331e-04
6.962124607525765896e-04
6.046525668352842331e-04
6.046525668352842331e-04
6.688738358207046986e-04
6.386460736393928528e-04
6.386460736393928528e-04
7.212529308162629604e-04
5.187417846173048019e-04
6.688738358207046986e-04
6.962124607525765896e-04
5.187417846173048019e-04
6.386460736393928528e-04
6.046525668352842331e-04
5.655003478750586510e-04
6.688738358207046986e-04
7.212529308162629604e-04
5.187417846173048019e-04
6.386460736393928528e-04
6.688738358207046986e-04
5.187417846173048019e-04
6.046525668352842331e-04
6.046525668352842331e-04
7.212529308162629604e-04
6.962124607525765896e-04
6.046525668352842331e-04
6.386460736393928528e-04
3.730910830199718475e-04
4.593289049807935953e-04
6.386460736393928528e-04
6.386460736393928528e-04
5.655003478750586510e-04
6.386460736393928528e-04
3.730910830199718475e-04
4.593289049807935953e-04
4.593289049807935953e-04
6.962124607525765896e-04
6.046525668352842331e-04
5.655003478750586510e-04
5.187417846173048019e-04
5.655003478750586510e-04
5.187417846173048019e-04
5.187417846173048019e-04
6.046525668352842331e-04
5.655003478750586510e-04
5.655003478750586510e-04
6.046525668352842331e-04
6.386460736393928528e-04
6.046525668352842331e-04
5.655003478750586510e-04
6.962124607525765896e-04
4.593289049807935953e-04
3.730910830199718475e-04
6.046525668352842331e-04
4.593289049807935953e-04
6.386460736393928528e-04
6.386460736393928528e-04
5.655003478750586510e-04
6.046525668352842331e-04
4.593289049807935953e-04
4.593289049807935953e-04
5.187417846173048019e-04
5.655003478750586510e-04
5.187417846173048019e-04
5.655003478750586510e-04
6.046525668352842331e-04
4.593289049807935953e-04
6.386460736393928528e-04
5.655003478750586510e-04
6.386460736393928528e-04
6.386460736393928528e-04
4.593289049807935953e-04
6.386460736393928528e-04
6.386460736393928528e-04
5.187417846173048019e-04
5.655003478750586510e-04
3.730910830199718475e-04
5.187417846173048019e-04
3.730910830199718475e-04
4.593289049807935953e-04
5.187417846173048019e-04
5.187417846173048019e-04
6.046525668352842331e-04
5.655003478750586510e-04
6.046525668352842331e-04
5.187417846173048019e-04
5.187417846173048019e-04
4.593289049807935953e-04
5.655003478750586510e-04
5.655003478750586510e-04
5.655003478750586510e-04
5.187417846173048019e-04
4.593289049807935953e-04
4.593289049807935953e-04
5.655003478750586510e-04
3.730910830199718475e-04
5.187417846173048019e-04
5.187417846173048019e-04
4.593289049807935953e-04
4.593289049807935953e-04
5.655003478750586510e-04
6.046525668352842331e-04
5.187417846173048019e-04
5.655003478750586510e-04
4.593289049807935953e-04
5.187417846173048019e-04
5.187417846173048019e-04
5.187417846173048019e-04
5.187417846173048019e-04
4.593289049807935953e-04
3.730910830199718475e-04
8.224131597955874895e-09
5.655003478750586510e-04
3.730910830199718475e-04
6.046525668352842331e-04
5.187417846173048019e-04
3.730910830199718475e-04
4.593289049807935953e-04
5.187417846173048019e-04
3.730910830199718475e-04
4.593289049807935953e-04
5.187417846173048019e-04
5.655003478750586510e-04
