1.050075329840183258e-02
1.000849250704050064e-02
1.051111705601215363e-02
1.200077123939990997e-02
1.060420926660299301e-02
9.505623951554298401e-03
1.065577566623687744e-02
9.870503097772598267e-03
9.013230912387371063e-03
9.859855286777019501e-03
8.349540643393993378e-03
4.068963695317506790e-03
7.886472158133983612e-03
7.757083978503942490e-03
8.177212439477443695e-03
4.345154855400323868e-03
7.471512537449598312e-03
3.098584245890378952e-03
5.507346242666244507e-03
3.322557313367724419e-03
3.010585671290755272e-03
1.663670176640152931e-03
2.684064907953143120e-03
2.179269911721348763e-03
2.849330892786383629e-03
1.864119782112538815e-03
2.609206130728125572e-03
1.594545203261077404e-03
2.378818579018115997e-03
1.992731122300028801e-03
1.663670176640152931e-03
3.133483929559588432e-03
1.885814592242240906e-03
2.219788730144500732e-03
1.950267353095114231e-03
1.798376091755926609e-03
2.903507556766271591e-03
3.045914927497506142e-03
2.475926885381340981e-03
1.820403616875410080e-03
1.663670176640152931e-03
3.356435801833868027e-03
7.063692901283502579e-04
1.842316822148859501e-03
2.179269911721348763e-03
2.013818826526403427e-03
1.992731122300028801e-03
1.776232384145259857e-03
1.798376091755926609e-03
7.710496429353952408e-04
2.339498372748494148e-03
1.147500588558614254e-03
2.199569018557667732e-03
1.500323414802551270e-03
1.798376091755926609e-03
1.663670176640152931e-03
1.120590139180421829e-03
2.076522912830114365e-03
2.117877593263983727e-03
1.174143748357892036e-03
2.199569018557667732e-03
1.476372941397130489e-03
1.427962328307330608e-03
1.907402765937149525e-03
2.097243908792734146e-03
1.571218483150005341e-03
2.158889081329107285e-03
1.353993895463645458e-03
2.359193516895174980e-03
1.547742285765707493e-03
2.055712742730975151e-03
1.798376091755926609e-03
1.907402765937149525e-03
8.939671679399907589e-04
1.547742285765707493e-03
1.798376091755926609e-03
1.842316822148859501e-03
1.798376091755926609e-03
1.252574147656559944e-03
1.524111605249345303e-03
9.815579978749155998e-04
1.640767324715852737e-03
1.731583965010941029e-03
1.686438452452421188e-03
1.500323414802551270e-03
1.065915217623114586e-03
1.571218483150005341e-03
1.686438452452421188e-03
2.279979409649968147e-03
1.617727684788405895e-03
1.731583965010941029e-03
7.710496429353952408e-04
1.427962328307330608e-03
1.928885583765804768e-03
1.174143748357892036e-03
1.278249546885490417e-03
8.334808517247438431e-04
1.378837740048766136e-03
1.452254364266991615e-03
1.709074829705059528e-03
2.034812234342098236e-03
1.278249546885490417e-03
1.278249546885490417e-03
4.940124927088618279e-04
1.278249546885490417e-03
1.500323414802551270e-03
1.686438452452421188e-03
1.617727684788405895e-03
5.685162614099681377e-04
1.594545203261077404e-03
1.500323414802551270e-03
1.278249546885490417e-03
1.798376091755926609e-03
1.403492293320596218e-03
9.527473594062030315e-04
1.065915217623114586e-03
1.378837740048766136e-03
9.815579978749155998e-04
1.200530095957219601e-03
1.992731122300028801e-03
1.403492293320596218e-03
1.842316822148859501e-03
1.524111605249345303e-03
8.639506413601338863e-04
1.427962328307330608e-03
1.403492293320596218e-03
1.403492293320596218e-03
1.524111605249345303e-03
1.038124435581266880e-03
8.025255519896745682e-04
1.174143748357892036e-03
1.378837740048766136e-03
1.038124435581266880e-03
1.798376091755926609e-03
6.042196182534098625e-04
9.815579978749155998e-04
1.200530095957219601e-03
1.038124435581266880e-03
1.907402765937149525e-03
1.709074829705059528e-03
8.639506413601338863e-04
1.842316822148859501e-03
1.010010950267314911e-03
1.353993895463645458e-03
7.710496429353952408e-04
1.200530095957219601e-03
1.147500588558614254e-03
1.038124435581266880e-03
8.639506413601338863e-04
9.527473594062030315e-04
4.940124927088618279e-04
9.235572069883346558e-04
1.226670225150883198e-03
1.226670225150883198e-03
6.390406633727252483e-04
1.065915217623114586e-03
1.147500588558614254e-03
9.527473594062030315e-04
1.038124435581266880e-03
1.640767324715852737e-03
1.731583965010941029e-03
1.403492293320596218e-03
5.685162614099681377e-04
6.730661843903362751e-04
9.527473594062030315e-04
1.038124435581266880e-03
1.226670225150883198e-03
1.226670225150883198e-03
1.547742285765707493e-03
1.065915217623114586e-03
6.730661843903362751e-04
1.709074829705059528e-03
8.639506413601338863e-04
4.549158038571476936e-04
2.800336224026978016e-04
9.235572069883346558e-04
1.038124435581266880e-03
6.390406633727252483e-04
6.730661843903362751e-04
5.685162614099681377e-04
9.815579978749155998e-04
9.815579978749155998e-04
8.639506413601338863e-04
8.639506413601338863e-04
1.452254364266991615e-03
1.174143748357892036e-03
1.120590139180421829e-03
2.289564290549606085e-04
1.278249546885490417e-03
9.815579978749155998e-04
1.010010950267314911e-03
8.025255519896745682e-04
5.685162614099681377e-04
1.147500588558614254e-03
1.476372941397130489e-03
1.093399012461304665e-03
1.174143748357892036e-03
4.549158038571476936e-04
1.065915217623114586e-03
1.403492293320596218e-03
9.815579978749155998e-04
1.328951795585453510e-03
9.235572069883346558e-04
1.427962328307330608e-03
8.939671679399907589e-04
1.010010950267314911e-03
1.452254364266991615e-03
5.318240728229284286e-04
6.390406633727252483e-04
1.065915217623114586e-03
1.174143748357892036e-03
8.334808517247438431e-04
1.010010950267314911e-03
1.278249546885490417e-03
1.427962328307330608e-03
1.427962328307330608e-03
9.527473594062030315e-04
6.730661843903362751e-04
1.065915217623114586e-03
1.120590139180421829e-03
8.639506413601338863e-04
1.065915217623114586e-03
1.427962328307330608e-03
1.403492293320596218e-03
1.200530095957219601e-03
1.200530095957219601e-03
6.390406633727252483e-04
9.815579978749155998e-04
8.939671679399907589e-04
8.334808517247438431e-04
1.353993895463645458e-03
1.093399012461304665e-03
8.025255519896745682e-04
1.226670225150883198e-03
1.303706201724708080e-03
4.143207333981990814e-04
8.334808517247438431e-04
1.278249546885490417e-03
1.378837740048766136e-03
1.226670225150883198e-03
7.063692901283502579e-04
1.200530095957219601e-03
1.226670225150883198e-03
7.390131358988583088e-04
1.476372941397130489e-03
8.639506413601338863e-04
1.303706201724708080e-03
9.235572069883346558e-04
6.730661843903362751e-04
1.427962328307330608e-03
1.353993895463645458e-03
1.303706201724708080e-03
1.065915217623114586e-03
6.730661843903362751e-04
1.010010950267314911e-03
1.378837740048766136e-03
4.940124927088618279e-04
4.940124927088618279e-04
1.278249546885490417e-03
1.120590139180421829e-03
1.278249546885490417e-03
3.719408996403217316e-04
1.303706201724708080e-03
6.730661843903362751e-04
9.815579978749155998e-04
8.939671679399907589e-04
1.120590139180421829e-03
1.278249546885490417e-03
1.328951795585453510e-03
9.235572069883346558e-04
8.025255519896745682e-04
6.730661843903362751e-04
6.042196182534098625e-04
8.939671679399907589e-04
9.527473594062030315e-04
1.010010950267314911e-03
6.730661843903362751e-04
1.226670225150883198e-03
7.710496429353952408e-04
1.328951795585453510e-03
1.093399012461304665e-03
5.318240728229284286e-04
5.685162614099681377e-04
5.685162614099681377e-04
4.549158038571476936e-04
9.815579978749155998e-04
6.390406633727252483e-04
4.143207333981990814e-04
1.093399012461304665e-03
7.063692901283502579e-04
8.334808517247438431e-04
1.093399012461304665e-03
4.940124927088618279e-04
6.390406633727252483e-04
7.063692901283502579e-04
3.719408996403217316e-04
5.685162614099681377e-04
1.353993895463645458e-03
5.318240728229284286e-04
7.063692901283502579e-04
1.328951795585453510e-03
7.063692901283502579e-04
8.939671679399907589e-04
1.252574147656559944e-03
6.390406633727252483e-04
4.940124927088618279e-04
1.010010950267314911e-03
9.815579978749155998e-04
9.527473594062030315e-04
1.093399012461304665e-03
4.143207333981990814e-04
7.710496429353952408e-04
1.038124435581266880e-03
8.025255519896745682e-04
5.318240728229284286e-04
6.042196182534098625e-04
1.093399012461304665e-03
7.390131358988583088e-04
9.527473594062030315e-04
8.639506413601338863e-04
6.730661843903362751e-04
1.378837740048766136e-03
9.527473594062030315e-04
1.038124435581266880e-03
6.390406633727252483e-04
8.334808517247438431e-04
4.143207333981990814e-04
8.639506413601338863e-04
6.390406633727252483e-04
7.710496429353952408e-04
7.063692901283502579e-04
1.303706201724708080e-03
7.710496429353952408e-04
1.328951795585453510e-03
7.710496429353952408e-04
1.093399012461304665e-03
1.120590139180421829e-03
6.390406633727252483e-04
9.815579978749155998e-04
4.143207333981990814e-04
2.289564290549606085e-04
6.730661843903362751e-04
5.318240728229284286e-04
8.639506413601338863e-04
6.390406633727252483e-04
4.143207333981990814e-04
4.549158038571476936e-04
9.235572069883346558e-04
8.939671679399907589e-04
9.235572069883346558e-04
7.063692901283502579e-04
1.065915217623114586e-03
8.025255519896745682e-04
7.063692901283502579e-04
1.093399012461304665e-03
1.174143748357892036e-03
1.093399012461304665e-03
9.527473594062030315e-04
1.038124435581266880e-03
8.639506413601338863e-04
6.042196182534098625e-04
7.710496429353952408e-04
8.334808517247438431e-04
6.042196182534098625e-04
8.334808517247438431e-04
7.063692901283502579e-04
9.235572069883346558e-04
1.147500588558614254e-03
7.063692901283502579e-04
5.685162614099681377e-04
4.549158038571476936e-04
1.120590139180421829e-03
7.063692901283502579e-04
1.038124435581266880e-03
7.390131358988583088e-04
8.025255519896745682e-04
1.093399012461304665e-03
3.719408996403217316e-04
5.318240728229284286e-04
4.143207333981990814e-04
6.390406633727252483e-04
1.252574147656559944e-03
1.010010950267314911e-03
9.815579978749155998e-04
7.063692901283502579e-04
9.527473594062030315e-04
7.063692901283502579e-04
6.042196182534098625e-04
6.730661843903362751e-04
1.093399012461304665e-03
1.147500588558614254e-03
3.719408996403217316e-04
1.093399012461304665e-03
6.390406633727252483e-04
1.065915217623114586e-03
8.639506413601338863e-04
9.527473594062030315e-04
7.063692901283502579e-04
7.063692901283502579e-04
7.710496429353952408e-04
8.639506413601338863e-04
7.710496429353952408e-04
1.200530095957219601e-03
3.273762413300573826e-04
4.940124927088618279e-04
9.235572069883346558e-04
5.685162614099681377e-04
7.063692901283502579e-04
1.120590139180421829e-03
1.174143748357892036e-03
1.065915217623114586e-03
4.143207333981990814e-04
6.042196182534098625e-04
8.939671679399907589e-04
5.318240728229284286e-04
1.120590139180421829e-03
6.730661843903362751e-04
7.390131358988583088e-04
4.549158038571476936e-04
8.939671679399907589e-04
3.719408996403217316e-04
4.143207333981990814e-04
7.390131358988583088e-04
4.143207333981990814e-04
7.063692901283502579e-04
8.334808517247438431e-04
6.730661843903362751e-04
1.200530095957219601e-03
1.038124435581266880e-03
5.318240728229284286e-04
3.273762413300573826e-04
9.815579978749155998e-04
3.719408996403217316e-04
5.685162614099681377e-04
4.549158038571476936e-04
6.042196182534098625e-04
4.549158038571476936e-04
4.549158038571476936e-04
8.939671679399907589e-04
8.639506413601338863e-04
2.800336224026978016e-04
6.730661843903362751e-04
5.318240728229284286e-04
5.318240728229284286e-04
4.143207333981990814e-04
7.710496429353952408e-04
2.289564290549606085e-04
8.334808517247438431e-04
9.527473594062030315e-04
4.549158038571476936e-04
6.730661843903362751e-04
5.685162614099681377e-04
8.639506413601338863e-04
3.719408996403217316e-04
6.390406633727252483e-04
9.815579978749155998e-04
8.939671679399907589e-04
2.800336224026978016e-04
6.390406633727252483e-04
7.710496429353952408e-04
6.390406633727252483e-04
7.063692901283502579e-04
6.390406633727252483e-04
6.042196182534098625e-04
6.042196182534098625e-04
4.549158038571476936e-04
6.390406633727252483e-04
4.940124927088618279e-04
5.318240728229284286e-04
5.685162614099681377e-04
8.334808517247438431e-04
7.390131358988583088e-04
1.038124435581266880e-03
5.318240728229284286e-04
8.334808517247438431e-04
6.390406633727252483e-04
4.940124927088618279e-04
6.730661843903362751e-04
8.334808517247438431e-04
7.390131358988583088e-04
6.042196182534098625e-04
7.710496429353952408e-04
8.025255519896745682e-04
8.025255519896745682e-04
9.815579978749155998e-04
9.527473594062030315e-04
7.390131358988583088e-04
6.390406633727252483e-04
6.042196182534098625e-04
2.289564290549606085e-04
7.063692901283502579e-04
8.639506413601338863e-04
6.730661843903362751e-04
5.685162614099681377e-04
3.273762413300573826e-04
1.065915217623114586e-03
9.235572069883346558e-04
9.235572069883346558e-04
6.390406633727252483e-04
1.061128932633437216e-04
4.940124927088618279e-04
3.273762413300573826e-04
6.390406633727252483e-04
8.334808517247438431e-04
8.639506413601338863e-04
1.010010950267314911e-03
4.940124927088618279e-04
2.800336224026978016e-04
8.639506413601338863e-04
3.719408996403217316e-04
6.390406633727252483e-04
4.143207333981990814e-04
1.038124435581266880e-03
7.710496429353952408e-04
4.549158038571476936e-04
8.025255519896745682e-04
3.273762413300573826e-04
6.730661843903362751e-04
5.685162614099681377e-04
7.710496429353952408e-04
8.639506413601338863e-04
6.390406633727252483e-04
4.143207333981990814e-04
7.063692901283502579e-04
8.939671679399907589e-04
8.939671679399907589e-04
4.143207333981990814e-04
7.063692901283502579e-04
6.390406633727252483e-04
9.815579978749155998e-04
6.730661843903362751e-04
8.639506413601338863e-04
6.390406633727252483e-04
7.063692901283502579e-04
5.685162614099681377e-04
4.940124927088618279e-04
5.318240728229284286e-04
6.042196182534098625e-04
4.549158038571476936e-04
8.939671679399907589e-04
4.549158038571476936e-04
1.010010950267314911e-03
7.063692901283502579e-04
1.010010950267314911e-03
7.390131358988583088e-04
5.685162614099681377e-04
7.390131358988583088e-04
7.063692901283502579e-04
3.719408996403217316e-04
4.549158038571476936e-04
1.010010950267314911e-03
6.730661843903362751e-04
8.639506413601338863e-04
7.710496429353952408e-04
3.719408996403217316e-04
9.815579978749155998e-04
6.042196182534098625e-04
8.639506413601338863e-04
6.042196182534098625e-04
4.143207333981990814e-04
9.815579978749155998e-04
4.143207333981990814e-04
1.038124435581266880e-03
1.038124435581266880e-03
8.334808517247438431e-04
4.143207333981990814e-04
4.143207333981990814e-04
6.390406633727252483e-04
2.800336224026978016e-04
3.719408996403217316e-04
6.042196182534098625e-04
8.939671679399907589e-04
6.042196182534098625e-04
4.143207333981990814e-04
8.939671679399907589e-04
8.025255519896745682e-04
6.042196182534098625e-04
6.730661843903362751e-04
4.143207333981990814e-04
7.063692901283502579e-04
6.042196182534098625e-04
6.730661843903362751e-04
4.143207333981990814e-04
4.549158038571476936e-04
4.940124927088618279e-04
5.318240728229284286e-04
1.445696882011445004e-15
5.685162614099681377e-04
3.273762413300573826e-04
8.334808517247438431e-04
4.549158038571476936e-04
7.710496429353952408e-04
6.730661843903362751e-04
4.940124927088618279e-04
4.940124927088618279e-04
9.815579978749155998e-04
6.042196182534098625e-04
9.235572069883346558e-04
8.334808517247438431e-04
7.710496429353952408e-04
7.710496429353952408e-04
9.527473594062030315e-04
8.639506413601338863e-04
7.063692901283502579e-04
7.390131358988583088e-04
8.639506413601338863e-04
7.063692901283502579e-04
7.390131358988583088e-04
8.025255519896745682e-04
7.063692901283502579e-04
7.063692901283502579e-04
4.940124927088618279e-04
5.685162614099681377e-04
5.685162614099681377e-04
3.273762413300573826e-04
6.730661843903362751e-04
7.710496429353952408e-04
5.685162614099681377e-04
2.800336224026978016e-04
7.063692901283502579e-04
2.800336224026978016e-04
6.390406633727252483e-04
4.549158038571476936e-04
6.042196182534098625e-04
8.334808517247438431e-04
4.143207333981990814e-04
8.334808517247438431e-04
4.143207333981990814e-04
7.390131358988583088e-04
6.390406633727252483e-04
6.042196182534098625e-04
5.685162614099681377e-04
3.719408996403217316e-04
4.940124927088618279e-04
4.940124927088618279e-04
5.685162614099681377e-04
8.639506413601338863e-04
9.527473594062030315e-04
4.549158038571476936e-04
5.685162614099681377e-04
6.390406633727252483e-04
6.730661843903362751e-04
6.042196182534098625e-04
8.025255519896745682e-04
6.390406633727252483e-04
3.719408996403217316e-04
5.685162614099681377e-04
4.143207333981990814e-04
4.549158038571476936e-04
6.730661843903362751e-04
7.063692901283502579e-04
6.042196182534098625e-04
6.390406633727252483e-04
4.940124927088618279e-04
6.042196182534098625e-04
5.685162614099681377e-04
5.318240728229284286e-04
4.940124927088618279e-04
4.940124927088618279e-04
1.723808672977611423e-04
4.143207333981990814e-04
2.800336224026978016e-04
4.549158038571476936e-04
7.390131358988583088e-04
7.063692901283502579e-04
5.318240728229284286e-04
6.730661843903362751e-04
9.235572069883346558e-04
4.549158038571476936e-04
4.143207333981990814e-04
7.710496429353952408e-04
7.063692901283502579e-04
8.639506413601338863e-04
6.390406633727252483e-04
7.390131358988583088e-04
9.235572069883346558e-04
6.390406633727252483e-04
7.710496429353952408e-04
3.719408996403217316e-04
4.143207333981990814e-04
7.710496429353952408e-04
1.723808672977611423e-04
4.143207333981990814e-04
8.025255519896745682e-04
4.940124927088618279e-04
5.318240728229284286e-04
6.042196182534098625e-04
3.719408996403217316e-04
5.318240728229284286e-04
5.685162614099681377e-04
2.800336224026978016e-04
4.143207333981990814e-04
1.061128932633437216e-04
6.390406633727252483e-04
8.334808517247438431e-04
7.390131358988583088e-04
4.940124927088618279e-04
3.273762413300573826e-04
2.800336224026978016e-04
7.390131358988583088e-04
4.940124927088618279e-04
6.042196182534098625e-04
9.235572069883346558e-04
4.940124927088618279e-04
6.390406633727252483e-04
8.025255519896745682e-04
6.390406633727252483e-04
2.800336224026978016e-04
6.042196182534098625e-04
3.719408996403217316e-04
4.549158038571476936e-04
6.042196182534098625e-04
7.390131358988583088e-04
2.289564290549606085e-04
2.800336224026978016e-04
6.730661843903362751e-04
7.063692901283502579e-04
6.042196182534098625e-04
4.143207333981990814e-04
6.390406633727252483e-04
6.390406633727252483e-04
7.390131358988583088e-04
5.685162614099681377e-04
6.390406633727252483e-04
4.143207333981990814e-04
5.685162614099681377e-04
5.318240728229284286e-04
8.639506413601338863e-04
7.063692901283502579e-04
5.318240728229284286e-04
5.318240728229284286e-04
6.730661843903362751e-04
3.273762413300573826e-04
5.685162614099681377e-04
3.719408996403217316e-04
7.063692901283502579e-04
5.318240728229284286e-04
4.940124927088618279e-04
5.318240728229284286e-04
3.719408996403217316e-04
1.723808672977611423e-04
7.710496429353952408e-04
5.685162614099681377e-04
5.318240728229284286e-04
6.730661843903362751e-04
4.940124927088618279e-04
3.273762413300573826e-04
5.685162614099681377e-04
4.143207333981990814e-04
5.318240728229284286e-04
3.273762413300573826e-04
8.334808517247438431e-04
4.940124927088618279e-04
5.685162614099681377e-04
4.143207333981990814e-04
4.940124927088618279e-04
5.685162614099681377e-04
4.143207333981990814e-04
6.730661843903362751e-04
6.042196182534098625e-04
5.318240728229284286e-04
4.143207333981990814e-04
6.390406633727252483e-04
5.318240728229284286e-04
7.063692901283502579e-04
8.025255519896745682e-04
4.143207333981990814e-04
5.685162614099681377e-04
4.143207333981990814e-04
4.940124927088618279e-04
4.549158038571476936e-04
4.940124927088618279e-04
4.143207333981990814e-04
7.390131358988583088e-04
6.390406633727252483e-04
6.042196182534098625e-04
2.289564290549606085e-04
7.063692901283502579e-04
4.549158038571476936e-04
2.800336224026978016e-04
6.730661843903362751e-04
4.549158038571476936e-04
6.042196182534098625e-04
6.390406633727252483e-04
8.025255519896745682e-04
2.289564290549606085e-04
6.730661843903362751e-04
7.390131358988583088e-04
3.719408996403217316e-04
2.800336224026978016e-04
4.940124927088618279e-04
5.685162614099681377e-04
7.710496429353952408e-04
6.730661843903362751e-04
7.390131358988583088e-04
7.063692901283502579e-04
2.289564290549606085e-04
6.730661843903362751e-04
2.800336224026978016e-04
4.143207333981990814e-04
5.318240728229284286e-04
6.730661843903362751e-04
2.289564290549606085e-04
4.940124927088618279e-04
4.940124927088618279e-04
8.025255519896745682e-04
4.549158038571476936e-04
4.940124927088618279e-04
7.710496429353952408e-04
4.940124927088618279e-04
4.549158038571476936e-04
6.042196182534098625e-04
7.710496429353952408e-04
2.800336224026978016e-04
6.730661843903362751e-04
4.940124927088618279e-04
3.273762413300573826e-04
4.549158038571476936e-04
3.719408996403217316e-04
6.042196182534098625e-04
6.390406633727252483e-04
6.042196182534098625e-04
3.273762413300573826e-04
8.025255519896745682e-04
5.318240728229284286e-04
5.685162614099681377e-04
4.143207333981990814e-04
6.390406633727252483e-04
4.549158038571476936e-04
7.063692901283502579e-04
6.390406633727252483e-04
7.063692901283502579e-04
3.273762413300573826e-04
5.318240728229284286e-04
6.042196182534098625e-04
2.800336224026978016e-04
4.940124927088618279e-04
6.390406633727252483e-04
6.042196182534098625e-04
4.143207333981990814e-04
5.685162614099681377e-04
7.390131358988583088e-04
4.940124927088618279e-04
4.549158038571476936e-04
5.318240728229284286e-04
7.063692901283502579e-04
2.289564290549606085e-04
4.940124927088618279e-04
7.063692901283502579e-04
3.719408996403217316e-04
2.800336224026978016e-04
6.042196182534098625e-04
4.549158038571476936e-04
3.273762413300573826e-04
4.143207333981990814e-04
5.318240728229284286e-04
2.289564290549606085e-04
6.730661843903362751e-04
4.549158038571476936e-04
5.318240728229284286e-04
3.273762413300573826e-04
1.723808672977611423e-04
4.143207333981990814e-04
5.318240728229284286e-04
4.549158038571476936e-04
5.318240728229284286e-04
6.390406633727252483e-04
6.042196182534098625e-04
6.042196182534098625e-04
2.289564290549606085e-04
4.549158038571476936e-04
2.800336224026978016e-04
4.549158038571476936e-04
2.800336224026978016e-04
1.723808672977611423e-04
6.390406633727252483e-04
3.273762413300573826e-04
2.800336224026978016e-04
1.723808672977611423e-04
4.549158038571476936e-04
3.273762413300573826e-04
4.940124927088618279e-04
6.730661843903362751e-04
5.685162614099681377e-04
5.685162614099681377e-04
4.143207333981990814e-04
3.273762413300573826e-04
6.390406633727252483e-04
4.549158038571476936e-04
6.730661843903362751e-04
2.289564290549606085e-04
5.318240728229284286e-04
4.549158038571476936e-04
3.719408996403217316e-04
4.940124927088618279e-04
6.390406633727252483e-04
5.318240728229284286e-04
6.042196182534098625e-04
3.273762413300573826e-04
4.940124927088618279e-04
3.719408996403217316e-04
3.719408996403217316e-04
2.800336224026978016e-04
4.940124927088618279e-04
4.143207333981990814e-04
4.143207333981990814e-04
6.042196182534098625e-04
2.800336224026978016e-04
5.685162614099681377e-04
6.730661843903362751e-04
4.549158038571476936e-04
3.719408996403217316e-04
3.273762413300573826e-04
3.719408996403217316e-04
4.940124927088618279e-04
1.061128932633437216e-04
3.273762413300573826e-04
6.390406633727252483e-04
3.719408996403217316e-04
3.719408996403217316e-04
6.042196182534098625e-04
4.940124927088618279e-04
2.289564290549606085e-04
4.549158038571476936e-04
3.719408996403217316e-04
4.940124927088618279e-04
2.800336224026978016e-04
4.940124927088618279e-04
3.719408996403217316e-04
2.800336224026978016e-04
5.318240728229284286e-04
4.549158038571476936e-04
3.719408996403217316e-04
5.318240728229284286e-04
6.042196182534098625e-04
1.061128932633437216e-04
6.390406633727252483e-04
4.940124927088618279e-04
5.318240728229284286e-04
2.289564290549606085e-04
6.730661843903362751e-04
5.685162614099681377e-04
4.549158038571476936e-04
3.719408996403217316e-04
4.940124927088618279e-04
3.273762413300573826e-04
5.318240728229284286e-04
3.719408996403217316e-04
5.685162614099681377e-04
1.723808672977611423e-04
3.719408996403217316e-04
2.289564290549606085e-04
1.445696882011445004e-15
6.042196182534098625e-04
3.273762413300573826e-04
4.143207333981990814e-04
3.273762413300573826e-04
4.940124927088618279e-04
5.318240728229284286e-04
4.940124927088618279e-04
4.143207333981990814e-04
1.723808672977611423e-04
4.143207333981990814e-04
2.289564290549606085e-04
4.940124927088618279e-04
2.800336224026978016e-04
4.549158038571476936e-04
1.061128932633437216e-04
2.800336224026978016e-04
2.800336224026978016e-04
2.800336224026978016e-04
2.289564290549606085e-04
2.800336224026978016e-04
4.549158038571476936e-04
4.143207333981990814e-04
3.273762413300573826e-04
4.143207333981990814e-04
3.273762413300573826e-04
1.061128932633437216e-04
2.800336224026978016e-04
4.940124927088618279e-04
2.800336224026978016e-04
5.318240728229284286e-04
1.445696882011445004e-15
3.719408996403217316e-04
4.143207333981990814e-04
3.273762413300573826e-04
3.719408996403217316e-04
3.273762413300573826e-04
2.289564290549606085e-04
3.719408996403217316e-04
5.318240728229284286e-04
4.143207333981990814e-04
5.685162614099681377e-04
6.042196182534098625e-04
5.318240728229284286e-04
4.143207333981990814e-04
4.549158038571476936e-04
3.719408996403217316e-04
2.289564290549606085e-04
1.445696882011445004e-15
3.719408996403217316e-04
3.273762413300573826e-04
4.549158038571476936e-04
2.289564290549606085e-04
3.273762413300573826e-04
5.318240728229284286e-04
3.719408996403217316e-04
4.940124927088618279e-04
3.273762413300573826e-04
3.719408996403217316e-04
3.273762413300573826e-04
3.719408996403217316e-04
5.318240728229284286e-04
2.800336224026978016e-04
3.273762413300573826e-04
2.289564290549606085e-04
4.549158038571476936e-04
4.143207333981990814e-04
3.273762413300573826e-04
4.143207333981990814e-04
3.719408996403217316e-04
4.549158038571476936e-04
3.273762413300573826e-04
4.940124927088618279e-04
5.685162614099681377e-04
4.549158038571476936e-04
3.273762413300573826e-04
3.273762413300573826e-04
4.940124927088618279e-04
1.723808672977611423e-04
1.723808672977611423e-04
5.318240728229284286e-04
3.273762413300573826e-04
4.143207333981990814e-04
2.289564290549606085e-04
4.940124927088618279e-04
2.289564290549606085e-04
3.273762413300573826e-04
1.723808672977611423e-04
4.940124927088618279e-04
4.143207333981990814e-04
4.143207333981990814e-04
4.549158038571476936e-04
4.940124927088618279e-04
4.143207333981990814e-04
4.143207333981990814e-04
2.800336224026978016e-04
3.273762413300573826e-04
4.143207333981990814e-04
3.719408996403217316e-04
4.143207333981990814e-04
2.289564290549606085e-04
2.800336224026978016e-04
1.061128932633437216e-04
3.719408996403217316e-04
2.289564290549606085e-04
3.273762413300573826e-04
4.940124927088618279e-04
4.549158038571476936e-04
1.061128932633437216e-04
4.940124927088618279e-04
2.800336224026978016e-04
2.800336224026978016e-04
1.723808672977611423e-04
4.549158038571476936e-04
1.723808672977611423e-04
1.061128932633437216e-04
1.723808672977611423e-04
3.273762413300573826e-04
4.143207333981990814e-04
3.719408996403217316e-04
3.719408996403217316e-04
4.143207333981990814e-04
4.143207333981990814e-04
4.549158038571476936e-04
4.940124927088618279e-04
2.289564290549606085e-04
3.719408996403217316e-04
4.940124927088618279e-04
2.800336224026978016e-04
2.800336224026978016e-04
1.061128932633437216e-04
3.273762413300573826e-04
4.549158038571476936e-04
4.940124927088618279e-04
3.273762413300573826e-04
2.289564290549606085e-04
4.143207333981990814e-04
3.273762413300573826e-04
4.549158038571476936e-04
3.273762413300573826e-04
3.273762413300573826e-04
4.143207333981990814e-04
3.719408996403217316e-04
3.719408996403217316e-04
4.940124927088618279e-04
2.289564290549606085e-04
4.143207333981990814e-04
4.549158038571476936e-04
2.289564290549606085e-04
3.719408996403217316e-04
3.273762413300573826e-04
2.800336224026978016e-04
4.143207333981990814e-04
4.940124927088618279e-04
2.289564290549606085e-04
3.719408996403217316e-04
4.143207333981990814e-04
2.289564290549606085e-04
3.273762413300573826e-04
3.273762413300573826e-04
4.940124927088618279e-04
4.549158038571476936e-04
3.273762413300573826e-04
3.719408996403217316e-04
1.061128932633437216e-04
1.723808672977611423e-04
3.719408996403217316e-04
3.719408996403217316e-04
2.800336224026978016e-04
3.719408996403217316e-04
1.061128932633437216e-04
1.723808672977611423e-04
1.723808672977611423e-04
4.549158038571476936e-04
3.273762413300573826e-04
2.800336224026978016e-04
2.289564290549606085e-04
2.800336224026978016e-04
2.289564290549606085e-04
2.289564290549606085e-04
3.273762413300573826e-04
2.800336224026978016e-04
2.800336224026978016e-04
3.273762413300573826e-04
3.719408996403217316e-04
3.273762413300573826e-04
2.800336224026978016e-04
4.549158038571476936e-04
1.723808672977611423e-04
1.061128932633437216e-04
3.273762413300573826e-04
1.723808672977611423e-04
3.719408996403217316e-04
3.719408996403217316e-04
2.800336224026978016e-04
3.273762413300573826e-04
1.723808672977611423e-04
1.723808672977611423e-04
2.289564290549606085e-04
2.800336224026978016e-04
2.289564290549606085e-04
2.800336224026978016e-04
3.273762413300573826e-04
1.723808672977611423e-04
3.719408996403217316e-04
2.800336224026978016e-04
3.719408996403217316e-04
3.719408996403217316e-04
1.723808672977611423e-04
3.719408996403217316e-04
3.719408996403217316e-04
2.289564290549606085e-04
2.800336224026978016e-04
1.061128932633437216e-04
2.289564290549606085e-04
1.061128932633437216e-04
1.723808672977611423e-04
2.289564290549606085e-04
2.289564290549606085e-04
3.273762413300573826e-04
2.800336224026978016e-04
3.273762413300573826e-04
2.289564290549606085e-04
2.289564290549606085e-04
1.723808672977611423e-04
2.800336224026978016e-04
2.800336224026978016e-04
2.800336224026978016e-04
2.289564290549606085e-04
1.723808672977611423e-04
1.723808672977611423e-04
2.800336224026978016e-04
1.061128932633437216e-04
2.289564290549606085e-04
2.289564290549606085e-04
1.723808672977611423e-04
1.723808672977611423e-04
2.800336224026978016e-04
3.273762413300573826e-04
2.289564290549606085e-04
2.800336224026978016e-04
1.723808672977611423e-04
2.289564290549606085e-04
2.289564290549606085e-04
2.289564290549606085e-04
2.289564290549606085e-04
1.723808672977611423e-04
1.061128932633437216e-04
1.445696882011445004e-15
2.800336224026978016e-04
1.061128932633437216e-04
3.273762413300573826e-04
2.289564290549606085e-04
1.061128932633437216e-04
1.723808672977611423e-04
2.289564290549606085e-04
1.061128932633437216e-04
1.723808672977611423e-04
2.289564290549606085e-04
2.800336224026978016e-04
