3.746163129806518555e+00
3.814753293991088867e+00
3.744753837585449219e+00
3.555414676666259766e+00
3.732157468795776367e+00
3.888396501541137695e+00
3.725227355957031250e+00
3.834586143493652344e+00
3.964382410049438477e+00
3.836127996444702148e+00
4.073649406433105469e+00
5.100532531738281250e+00
4.155160427093505859e+00
4.178792476654052734e+00
4.103442668914794922e+00
5.006713867187500000e+00
4.232376575469970703e+00
5.489737033843994141e+00
4.668111801147460938e+00
5.390038013458251953e+00
5.530895233154296875e+00
6.378192901611328125e+00
5.694898128509521484e+00
5.992530822753906250e+00
5.609538555145263672e+00
6.215674400329589844e+00
5.735307693481445312e+00
6.438817977905273438e+00
5.867367267608642578e+00
6.120364189147949219e+00
6.378192901611328125e+00
5.473736763000488281e+00
6.199144840240478516e+00
5.966213226318359375e+00
6.151135444641113281e+00
6.266967296600341797e+00
5.582631111145019531e+00
5.514228343963623047e+00
5.810209274291992188e+00
6.249575614929199219e+00
6.378192901611328125e+00
5.375545024871826172e+00
7.601968765258789062e+00
6.232481479644775391e+00
5.992530822753906250e+00
6.105326175689697266e+00
6.120364189147949219e+00
6.284667015075683594e+00
6.266967296600341797e+00
7.476805210113525391e+00
5.891178131103515625e+00
6.908821582794189453e+00
5.979285240173339844e+00
6.525829315185546875e+00
6.266967296600341797e+00
6.378192901611328125e+00
6.942722797393798828e+00
6.061523437500000000e+00
6.033352851867675781e+00
6.876031398773193359e+00
5.979285240173339844e+00
6.548818588256835938e+00
6.596446514129638672e+00
6.182884216308593750e+00
6.047338962554931641e+00
6.459871292114257812e+00
6.005953788757324219e+00
6.672432422637939453e+00
5.879201889038085938e+00
6.481377124786376953e+00
6.075912475585937500e+00
6.266967296600341797e+00
6.182884216308593750e+00
7.265496253967285156e+00
6.481377124786376953e+00
6.266967296600341797e+00
6.232481479644775391e+00
6.266967296600341797e+00
6.783658027648925781e+00
6.503356456756591797e+00
7.131965160369873047e+00
6.397995948791503906e+00
6.321034908294677734e+00
6.358775138854980469e+00
6.525829315185546875e+00
7.014182090759277344e+00
6.459871292114257812e+00
6.358775138854980469e+00
5.927992343902587891e+00
6.418198585510253906e+00
6.321034908294677734e+00
7.476805210113525391e+00
6.596446514129638672e+00
6.166883945465087891e+00
6.876031398773193359e+00
6.754670619964599609e+00
7.365579605102539062e+00
6.646457195281982422e+00
6.572349071502685547e+00
6.339726924896240234e+00
6.090510845184326172e+00
6.754670619964599609e+00
6.754670619964599609e+00
8.112793922424316406e+00
6.754670619964599609e+00
6.525829315185546875e+00
6.358775138854980469e+00
6.418198585510253906e+00
7.912123680114746094e+00
6.438817977905273438e+00
6.525829315185546875e+00
6.754670619964599609e+00
6.266967296600341797e+00
6.621139526367187500e+00
7.174524307250976562e+00
7.014182090759277344e+00
6.646457195281982422e+00
7.131965160369873047e+00
6.844282627105712891e+00
6.120364189147949219e+00
6.621139526367187500e+00
6.232481479644775391e+00
6.503356456756591797e+00
7.314286708831787109e+00
6.596446514129638672e+00
6.621139526367187500e+00
6.621139526367187500e+00
6.503356456756591797e+00
7.051922321319580078e+00
7.419647216796875000e+00
6.876031398773193359e+00
6.646457195281982422e+00
7.051922321319580078e+00
6.266967296600341797e+00
7.825112342834472656e+00
7.131965160369873047e+00
6.844282627105712891e+00
7.051922321319580078e+00
6.182884216308593750e+00
6.339726924896240234e+00
7.314286708831787109e+00
6.232481479644775391e+00
7.091143131256103516e+00
6.672432422637939453e+00
7.476805210113525391e+00
6.844282627105712891e+00
6.908821582794189453e+00
7.051922321319580078e+00
7.314286708831787109e+00
7.174524307250976562e+00
8.112793922424316406e+00
7.218976497650146484e+00
6.813511371612548828e+00
6.813511371612548828e+00
7.745069503784179688e+00
7.014182090759277344e+00
6.908821582794189453e+00
7.174524307250976562e+00
7.051922321319580078e+00
6.397995948791503906e+00
6.321034908294677734e+00
6.621139526367187500e+00
7.912123680114746094e+00
7.670961380004882812e+00
7.174524307250976562e+00
7.051922321319580078e+00
6.813511371612548828e+00
6.813511371612548828e+00
6.481377124786376953e+00
7.014182090759277344e+00
7.670961380004882812e+00
6.339726924896240234e+00
7.314286708831787109e+00
8.230577468872070312e+00
8.923724174499511719e+00
7.218976497650146484e+00
7.051922321319580078e+00
7.745069503784179688e+00
7.670961380004882812e+00
7.912123680114746094e+00
7.131965160369873047e+00
7.131965160369873047e+00
7.314286708831787109e+00
7.314286708831787109e+00
6.572349071502685547e+00
6.876031398773193359e+00
6.942722797393798828e+00
9.211406707763671875e+00
6.754670619964599609e+00
7.131965160369873047e+00
7.091143131256103516e+00
7.419647216796875000e+00
7.912123680114746094e+00
6.908821582794189453e+00
6.548818588256835938e+00
6.977814197540283203e+00
6.876031398773193359e+00
8.230577468872070312e+00
7.014182090759277344e+00
6.621139526367187500e+00
7.131965160369873047e+00
6.699100971221923828e+00
7.218976497650146484e+00
6.596446514129638672e+00
7.265496253967285156e+00
7.091143131256103516e+00
6.572349071502685547e+00
8.007433891296386719e+00
7.745069503784179688e+00
7.014182090759277344e+00
6.876031398773193359e+00
7.365579605102539062e+00
7.091143131256103516e+00
6.754670619964599609e+00
6.596446514129638672e+00
6.596446514129638672e+00
7.174524307250976562e+00
7.670961380004882812e+00
7.014182090759277344e+00
6.942722797393798828e+00
7.314286708831787109e+00
7.014182090759277344e+00
6.596446514129638672e+00
6.621139526367187500e+00
6.844282627105712891e+00
6.844282627105712891e+00
7.745069503784179688e+00
7.131965160369873047e+00
7.265496253967285156e+00
7.365579605102539062e+00
6.672432422637939453e+00
6.977814197540283203e+00
7.419647216796875000e+00
6.813511371612548828e+00
6.726500034332275391e+00
8.364109039306640625e+00
7.365579605102539062e+00
6.754670619964599609e+00
6.646457195281982422e+00
6.813511371612548828e+00
7.601968765258789062e+00
6.844282627105712891e+00
6.813511371612548828e+00
7.537429809570312500e+00
6.548818588256835938e+00
7.314286708831787109e+00
6.726500034332275391e+00
7.218976497650146484e+00
7.670961380004882812e+00
6.596446514129638672e+00
6.672432422637939453e+00
6.726500034332275391e+00
7.014182090759277344e+00
7.670961380004882812e+00
7.091143131256103516e+00
6.646457195281982422e+00
8.112793922424316406e+00
8.112793922424316406e+00
6.754670619964599609e+00
6.942722797393798828e+00
6.754670619964599609e+00
8.518259048461914062e+00
6.726500034332275391e+00
7.670961380004882812e+00
7.131965160369873047e+00
7.265496253967285156e+00
6.942722797393798828e+00
6.754670619964599609e+00
6.699100971221923828e+00
7.218976497650146484e+00
7.419647216796875000e+00
7.670961380004882812e+00
7.825112342834472656e+00
7.265496253967285156e+00
7.174524307250976562e+00
7.091143131256103516e+00
7.670961380004882812e+00
6.813511371612548828e+00
7.476805210113525391e+00
6.699100971221923828e+00
6.977814197540283203e+00
8.007433891296386719e+00
7.912123680114746094e+00
7.912123680114746094e+00
8.230577468872070312e+00
7.131965160369873047e+00
7.745069503784179688e+00
8.364109039306640625e+00
6.977814197540283203e+00
7.601968765258789062e+00
7.365579605102539062e+00
6.977814197540283203e+00
8.112793922424316406e+00
7.745069503784179688e+00
7.601968765258789062e+00
8.518259048461914062e+00
7.912123680114746094e+00
6.672432422637939453e+00
8.007433891296386719e+00
7.601968765258789062e+00
6.699100971221923828e+00
7.601968765258789062e+00
7.265496253967285156e+00
6.783658027648925781e+00
7.745069503784179688e+00
8.112793922424316406e+00
7.091143131256103516e+00
7.131965160369873047e+00
7.174524307250976562e+00
6.977814197540283203e+00
8.364109039306640625e+00
7.476805210113525391e+00
7.051922321319580078e+00
7.419647216796875000e+00
8.007433891296386719e+00
7.825112342834472656e+00
6.977814197540283203e+00
7.537429809570312500e+00
7.174524307250976562e+00
7.314286708831787109e+00
7.670961380004882812e+00
6.646457195281982422e+00
7.174524307250976562e+00
7.051922321319580078e+00
7.745069503784179688e+00
7.365579605102539062e+00
8.364109039306640625e+00
7.314286708831787109e+00
7.745069503784179688e+00
7.476805210113525391e+00
7.601968765258789062e+00
6.726500034332275391e+00
7.476805210113525391e+00
6.699100971221923828e+00
7.476805210113525391e+00
6.977814197540283203e+00
6.942722797393798828e+00
7.745069503784179688e+00
7.131965160369873047e+00
8.364109039306640625e+00
9.211406707763671875e+00
7.670961380004882812e+00
8.007433891296386719e+00
7.314286708831787109e+00
7.745069503784179688e+00
8.364109039306640625e+00
8.230577468872070312e+00
7.218976497650146484e+00
7.265496253967285156e+00
7.218976497650146484e+00
7.601968765258789062e+00
7.014182090759277344e+00
7.419647216796875000e+00
7.601968765258789062e+00
6.977814197540283203e+00
6.876031398773193359e+00
6.977814197540283203e+00
7.174524307250976562e+00
7.051922321319580078e+00
7.314286708831787109e+00
7.825112342834472656e+00
7.476805210113525391e+00
7.365579605102539062e+00
7.825112342834472656e+00
7.365579605102539062e+00
7.601968765258789062e+00
7.218976497650146484e+00
6.908821582794189453e+00
7.601968765258789062e+00
7.912123680114746094e+00
8.230577468872070312e+00
6.942722797393798828e+00
7.601968765258789062e+00
7.051922321319580078e+00
7.537429809570312500e+00
7.419647216796875000e+00
6.977814197540283203e+00
8.518259048461914062e+00
8.007433891296386719e+00
8.364109039306640625e+00
7.745069503784179688e+00
6.783658027648925781e+00
7.091143131256103516e+00
7.131965160369873047e+00
7.601968765258789062e+00
7.174524307250976562e+00
7.601968765258789062e+00
7.825112342834472656e+00
7.670961380004882812e+00
6.977814197540283203e+00
6.908821582794189453e+00
8.518259048461914062e+00
6.977814197540283203e+00
7.745069503784179688e+00
7.014182090759277344e+00
7.314286708831787109e+00
7.174524307250976562e+00
7.601968765258789062e+00
7.601968765258789062e+00
7.476805210113525391e+00
7.314286708831787109e+00
7.476805210113525391e+00
6.844282627105712891e+00
8.700580596923828125e+00
8.112793922424316406e+00
7.218976497650146484e+00
7.912123680114746094e+00
7.601968765258789062e+00
6.942722797393798828e+00
6.876031398773193359e+00
7.014182090759277344e+00
8.364109039306640625e+00
7.825112342834472656e+00
7.265496253967285156e+00
8.007433891296386719e+00
6.942722797393798828e+00
7.670961380004882812e+00
7.537429809570312500e+00
8.230577468872070312e+00
7.265496253967285156e+00
8.518259048461914062e+00
8.364109039306640625e+00
7.537429809570312500e+00
8.364109039306640625e+00
7.601968765258789062e+00
7.365579605102539062e+00
7.670961380004882812e+00
6.844282627105712891e+00
7.051922321319580078e+00
8.007433891296386719e+00
8.700580596923828125e+00
7.131965160369873047e+00
8.518259048461914062e+00
7.912123680114746094e+00
8.230577468872070312e+00
7.825112342834472656e+00
8.230577468872070312e+00
8.230577468872070312e+00
7.265496253967285156e+00
7.314286708831787109e+00
8.923724174499511719e+00
7.670961380004882812e+00
8.007433891296386719e+00
8.007433891296386719e+00
8.364109039306640625e+00
7.476805210113525391e+00
9.211406707763671875e+00
7.365579605102539062e+00
7.174524307250976562e+00
8.230577468872070312e+00
7.670961380004882812e+00
7.912123680114746094e+00
7.314286708831787109e+00
8.518259048461914062e+00
7.745069503784179688e+00
7.131965160369873047e+00
7.265496253967285156e+00
8.923724174499511719e+00
7.745069503784179688e+00
7.476805210113525391e+00
7.745069503784179688e+00
7.601968765258789062e+00
7.745069503784179688e+00
7.825112342834472656e+00
7.825112342834472656e+00
8.230577468872070312e+00
7.745069503784179688e+00
8.112793922424316406e+00
8.007433891296386719e+00
7.912123680114746094e+00
7.365579605102539062e+00
7.537429809570312500e+00
7.051922321319580078e+00
8.007433891296386719e+00
7.365579605102539062e+00
7.745069503784179688e+00
8.112793922424316406e+00
7.670961380004882812e+00
7.365579605102539062e+00
7.537429809570312500e+00
7.825112342834472656e+00
7.476805210113525391e+00
7.419647216796875000e+00
7.419647216796875000e+00
7.131965160369873047e+00
7.174524307250976562e+00
7.537429809570312500e+00
7.745069503784179688e+00
7.825112342834472656e+00
9.211406707763671875e+00
7.601968765258789062e+00
7.314286708831787109e+00
7.670961380004882812e+00
7.912123680114746094e+00
8.700580596923828125e+00
7.014182090759277344e+00
7.218976497650146484e+00
7.218976497650146484e+00
7.745069503784179688e+00
1.031001853942871094e+01
8.112793922424316406e+00
8.700580596923828125e+00
7.745069503784179688e+00
7.365579605102539062e+00
7.314286708831787109e+00
7.091143131256103516e+00
8.112793922424316406e+00
8.923724174499511719e+00
7.314286708831787109e+00
8.518259048461914062e+00
7.745069503784179688e+00
8.364109039306640625e+00
7.051922321319580078e+00
7.476805210113525391e+00
8.230577468872070312e+00
7.419647216796875000e+00
8.700580596923828125e+00
7.670961380004882812e+00
7.912123680114746094e+00
7.476805210113525391e+00
7.314286708831787109e+00
7.745069503784179688e+00
8.364109039306640625e+00
7.601968765258789062e+00
7.265496253967285156e+00
7.265496253967285156e+00
8.364109039306640625e+00
7.601968765258789062e+00
7.745069503784179688e+00
7.131965160369873047e+00
7.670961380004882812e+00
7.314286708831787109e+00
7.745069503784179688e+00
7.601968765258789062e+00
7.912123680114746094e+00
8.112793922424316406e+00
8.007433891296386719e+00
7.825112342834472656e+00
8.230577468872070312e+00
7.265496253967285156e+00
8.230577468872070312e+00
7.091143131256103516e+00
7.601968765258789062e+00
7.091143131256103516e+00
7.537429809570312500e+00
7.912123680114746094e+00
7.537429809570312500e+00
7.601968765258789062e+00
8.518259048461914062e+00
8.230577468872070312e+00
7.091143131256103516e+00
7.670961380004882812e+00
7.314286708831787109e+00
7.476805210113525391e+00
8.518259048461914062e+00
7.131965160369873047e+00
7.825112342834472656e+00
7.314286708831787109e+00
7.825112342834472656e+00
8.364109039306640625e+00
7.131965160369873047e+00
8.364109039306640625e+00
7.051922321319580078e+00
7.051922321319580078e+00
7.365579605102539062e+00
8.364109039306640625e+00
8.364109039306640625e+00
7.745069503784179688e+00
8.923724174499511719e+00
8.518259048461914062e+00
7.825112342834472656e+00
7.265496253967285156e+00
7.825112342834472656e+00
8.364109039306640625e+00
7.265496253967285156e+00
7.419647216796875000e+00
7.825112342834472656e+00
7.670961380004882812e+00
8.364109039306640625e+00
7.601968765258789062e+00
7.825112342834472656e+00
7.670961380004882812e+00
8.364109039306640625e+00
8.230577468872070312e+00
8.112793922424316406e+00
8.007433891296386719e+00
4.605170059204101562e+01
7.912123680114746094e+00
8.700580596923828125e+00
7.365579605102539062e+00
8.230577468872070312e+00
7.476805210113525391e+00
7.670961380004882812e+00
8.112793922424316406e+00
8.112793922424316406e+00
7.131965160369873047e+00
7.825112342834472656e+00
7.218976497650146484e+00
7.365579605102539062e+00
7.476805210113525391e+00
7.476805210113525391e+00
7.174524307250976562e+00
7.314286708831787109e+00
7.601968765258789062e+00
7.537429809570312500e+00
7.314286708831787109e+00
7.601968765258789062e+00
7.537429809570312500e+00
7.419647216796875000e+00
7.601968765258789062e+00
7.601968765258789062e+00
8.112793922424316406e+00
7.912123680114746094e+00
7.912123680114746094e+00
8.700580596923828125e+00
7.670961380004882812e+00
7.476805210113525391e+00
7.912123680114746094e+00
8.923724174499511719e+00
7.601968765258789062e+00
8.923724174499511719e+00
7.745069503784179688e+00
8.230577468872070312e+00
7.825112342834472656e+00
7.365579605102539062e+00
8.364109039306640625e+00
7.365579605102539062e+00
8.364109039306640625e+00
7.537429809570312500e+00
7.745069503784179688e+00
7.825112342834472656e+00
7.912123680114746094e+00
8.518259048461914062e+00
8.112793922424316406e+00
8.112793922424316406e+00
7.912123680114746094e+00
7.314286708831787109e+00
7.174524307250976562e+00
8.230577468872070312e+00
7.912123680114746094e+00
7.745069503784179688e+00
7.670961380004882812e+00
7.825112342834472656e+00
7.419647216796875000e+00
7.745069503784179688e+00
8.518259048461914062e+00
7.912123680114746094e+00
8.364109039306640625e+00
8.230577468872070312e+00
7.670961380004882812e+00
7.601968765258789062e+00
7.825112342834472656e+00
7.745069503784179688e+00
8.112793922424316406e+00
7.825112342834472656e+00
7.912123680114746094e+00
8.007433891296386719e+00
8.112793922424316406e+00
8.112793922424316406e+00
9.616871833801269531e+00
8.364109039306640625e+00
8.923724174499511719e+00
8.230577468872070312e+00
7.537429809570312500e+00
7.601968765258789062e+00
8.007433891296386719e+00
7.670961380004882812e+00
7.218976497650146484e+00
8.230577468872070312e+00
8.364109039306640625e+00
7.476805210113525391e+00
7.601968765258789062e+00
7.314286708831787109e+00
7.745069503784179688e+00
7.537429809570312500e+00
7.218976497650146484e+00
7.745069503784179688e+00
7.476805210113525391e+00
8.518259048461914062e+00
8.364109039306640625e+00
7.476805210113525391e+00
9.616871833801269531e+00
8.364109039306640625e+00
7.419647216796875000e+00
8.112793922424316406e+00
8.007433891296386719e+00
7.825112342834472656e+00
8.518259048461914062e+00
8.007433891296386719e+00
7.912123680114746094e+00
8.923724174499511719e+00
8.364109039306640625e+00
1.031001853942871094e+01
7.745069503784179688e+00
7.365579605102539062e+00
7.537429809570312500e+00
8.112793922424316406e+00
8.700580596923828125e+00
8.923724174499511719e+00
7.537429809570312500e+00
8.112793922424316406e+00
7.825112342834472656e+00
7.218976497650146484e+00
8.112793922424316406e+00
7.745069503784179688e+00
7.419647216796875000e+00
7.745069503784179688e+00
8.923724174499511719e+00
7.825112342834472656e+00
8.518259048461914062e+00
8.230577468872070312e+00
7.825112342834472656e+00
7.537429809570312500e+00
9.211406707763671875e+00
8.923724174499511719e+00
7.670961380004882812e+00
7.601968765258789062e+00
7.825112342834472656e+00
8.364109039306640625e+00
7.745069503784179688e+00
7.745069503784179688e+00
7.537429809570312500e+00
7.912123680114746094e+00
7.745069503784179688e+00
8.364109039306640625e+00
7.912123680114746094e+00
8.007433891296386719e+00
7.314286708831787109e+00
7.601968765258789062e+00
8.007433891296386719e+00
8.007433891296386719e+00
7.670961380004882812e+00
8.700580596923828125e+00
7.912123680114746094e+00
8.518259048461914062e+00
7.601968765258789062e+00
8.007433891296386719e+00
8.112793922424316406e+00
8.007433891296386719e+00
8.518259048461914062e+00
9.616871833801269531e+00
7.476805210113525391e+00
7.912123680114746094e+00
8.007433891296386719e+00
7.670961380004882812e+00
8.112793922424316406e+00
8.700580596923828125e+00
7.912123680114746094e+00
8.364109039306640625e+00
8.007433891296386719e+00
8.700580596923828125e+00
7.365579605102539062e+00
8.112793922424316406e+00
7.912123680114746094e+00
8.364109039306640625e+00
8.112793922424316406e+00
7.912123680114746094e+00
8.364109039306640625e+00
7.670961380004882812e+00
7.825112342834472656e+00
8.007433891296386719e+00
8.364109039306640625e+00
7.745069503784179688e+00
8.007433891296386719e+00
7.601968765258789062e+00
7.419647216796875000e+00
8.364109039306640625e+00
7.912123680114746094e+00
8.364109039306640625e+00
8.112793922424316406e+00
8.230577468872070312e+00
8.112793922424316406e+00
8.364109039306640625e+00
7.537429809570312500e+00
7.745069503784179688e+00
7.825112342834472656e+00
9.211406707763671875e+00
7.601968765258789062e+00
8.230577468872070312e+00
8.923724174499511719e+00
7.670961380004882812e+00
8.230577468872070312e+00
7.825112342834472656e+00
7.745069503784179688e+00
7.419647216796875000e+00
9.211406707763671875e+00
7.670961380004882812e+00
7.537429809570312500e+00
8.518259048461914062e+00
8.923724174499511719e+00
8.112793922424316406e+00
7.912123680114746094e+00
7.476805210113525391e+00
7.670961380004882812e+00
7.537429809570312500e+00
7.601968765258789062e+00
9.211406707763671875e+00
7.670961380004882812e+00
8.923724174499511719e+00
8.364109039306640625e+00
8.007433891296386719e+00
7.670961380004882812e+00
9.211406707763671875e+00
8.112793922424316406e+00
8.112793922424316406e+00
7.419647216796875000e+00
8.230577468872070312e+00
8.112793922424316406e+00
7.476805210113525391e+00
8.112793922424316406e+00
8.230577468872070312e+00
7.825112342834472656e+00
7.476805210113525391e+00
8.923724174499511719e+00
7.670961380004882812e+00
8.112793922424316406e+00
8.700580596923828125e+00
8.230577468872070312e+00
8.518259048461914062e+00
7.825112342834472656e+00
7.745069503784179688e+00
7.825112342834472656e+00
8.700580596923828125e+00
7.419647216796875000e+00
8.007433891296386719e+00
7.912123680114746094e+00
8.364109039306640625e+00
7.745069503784179688e+00
8.230577468872070312e+00
7.601968765258789062e+00
7.745069503784179688e+00
7.601968765258789062e+00
8.700580596923828125e+00
8.007433891296386719e+00
7.825112342834472656e+00
8.923724174499511719e+00
8.112793922424316406e+00
7.745069503784179688e+00
7.825112342834472656e+00
8.364109039306640625e+00
7.912123680114746094e+00
7.537429809570312500e+00
8.112793922424316406e+00
8.230577468872070312e+00
8.007433891296386719e+00
7.601968765258789062e+00
9.211406707763671875e+00
8.112793922424316406e+00
7.601968765258789062e+00
8.518259048461914062e+00
8.923724174499511719e+00
7.825112342834472656e+00
8.230577468872070312e+00
8.700580596923828125e+00
8.364109039306640625e+00
8.007433891296386719e+00
9.211406707763671875e+00
7.670961380004882812e+00
8.230577468872070312e+00
8.007433891296386719e+00
8.700580596923828125e+00
9.616871833801269531e+00
8.364109039306640625e+00
8.007433891296386719e+00
8.230577468872070312e+00
8.007433891296386719e+00
7.745069503784179688e+00
7.825112342834472656e+00
7.825112342834472656e+00
9.211406707763671875e+00
8.230577468872070312e+00
8.923724174499511719e+00
8.230577468872070312e+00
8.923724174499511719e+00
9.616871833801269531e+00
7.745069503784179688e+00
8.700580596923828125e+00
8.923724174499511719e+00
9.616871833801269531e+00
8.230577468872070312e+00
8.700580596923828125e+00
8.112793922424316406e+00
7.670961380004882812e+00
7.912123680114746094e+00
7.912123680114746094e+00
8.364109039306640625e+00
8.700580596923828125e+00
7.745069503784179688e+00
8.230577468872070312e+00
7.670961380004882812e+00
9.211406707763671875e+00
8.007433891296386719e+00
8.230577468872070312e+00
8.518259048461914062e+00
8.112793922424316406e+00
7.745069503784179688e+00
8.007433891296386719e+00
7.825112342834472656e+00
8.700580596923828125e+00
8.112793922424316406e+00
8.518259048461914062e+00
8.518259048461914062e+00
8.923724174499511719e+00
8.112793922424316406e+00
8.364109039306640625e+00
8.364109039306640625e+00
7.825112342834472656e+00
8.923724174499511719e+00
7.912123680114746094e+00
7.670961380004882812e+00
8.230577468872070312e+00
8.518259048461914062e+00
8.700580596923828125e+00
8.518259048461914062e+00
8.112793922424316406e+00
1.031001853942871094e+01
8.700580596923828125e+00
7.745069503784179688e+00
8.518259048461914062e+00
8.518259048461914062e+00
7.825112342834472656e+00
8.112793922424316406e+00
9.211406707763671875e+00
8.230577468872070312e+00
8.518259048461914062e+00
8.112793922424316406e+00
8.923724174499511719e+00
8.112793922424316406e+00
8.518259048461914062e+00
8.923724174499511719e+00
8.007433891296386719e+00
8.230577468872070312e+00
8.518259048461914062e+00
8.007433891296386719e+00
7.825112342834472656e+00
1.031001853942871094e+01
7.745069503784179688e+00
8.112793922424316406e+00
8.007433891296386719e+00
9.211406707763671875e+00
7.670961380004882812e+00
7.912123680114746094e+00
8.230577468872070312e+00
8.518259048461914062e+00
8.112793922424316406e+00
8.700580596923828125e+00
8.007433891296386719e+00
8.518259048461914062e+00
7.912123680114746094e+00
9.616871833801269531e+00
8.518259048461914062e+00
9.211406707763671875e+00
4.605170059204101562e+01
7.825112342834472656e+00
8.700580596923828125e+00
8.364109039306640625e+00
8.700580596923828125e+00
8.112793922424316406e+00
8.007433891296386719e+00
8.112793922424316406e+00
8.364109039306640625e+00
9.616871833801269531e+00
8.364109039306640625e+00
9.211406707763671875e+00
8.112793922424316406e+00
8.923724174499511719e+00
8.230577468872070312e+00
1.031001853942871094e+01
8.923724174499511719e+00
8.923724174499511719e+00
8.923724174499511719e+00
9.211406707763671875e+00
8.923724174499511719e+00
8.230577468872070312e+00
8.364109039306640625e+00
8.700580596923828125e+00
8.364109039306640625e+00
8.700580596923828125e+00
1.031001853942871094e+01
8.923724174499511719e+00
8.112793922424316406e+00
8.923724174499511719e+00
8.007433891296386719e+00
4.605170059204101562e+01
8.518259048461914062e+00
8.364109039306640625e+00
8.700580596923828125e+00
8.518259048461914062e+00
8.700580596923828125e+00
9.211406707763671875e+00
8.518259048461914062e+00
8.007433891296386719e+00
8.364109039306640625e+00
7.912123680114746094e+00
7.825112342834472656e+00
8.007433891296386719e+00
8.364109039306640625e+00
8.230577468872070312e+00
8.518259048461914062e+00
9.211406707763671875e+00
4.605170059204101562e+01
8.518259048461914062e+00
8.700580596923828125e+00
8.230577468872070312e+00
9.211406707763671875e+00
8.700580596923828125e+00
8.007433891296386719e+00
8.518259048461914062e+00
8.112793922424316406e+00
8.700580596923828125e+00
8.518259048461914062e+00
8.700580596923828125e+00
8.518259048461914062e+00
8.007433891296386719e+00
8.923724174499511719e+00
8.700580596923828125e+00
9.211406707763671875e+00
8.230577468872070312e+00
8.364109039306640625e+00
8.700580596923828125e+00
8.364109039306640625e+00
8.518259048461914062e+00
8.230577468872070312e+00
8.700580596923828125e+00
8.112793922424316406e+00
7.912123680114746094e+00
8.230577468872070312e+00
8.700580596923828125e+00
8.700580596923828125e+00
8.112793922424316406e+00
9.616871833801269531e+00
9.616871833801269531e+00
8.007433891296386719e+00
8.700580596923828125e+00
8.364109039306640625e+00
9.211406707763671875e+00
8.112793922424316406e+00
9.211406707763671875e+00
8.700580596923828125e+00
9.616871833801269531e+00
8.112793922424316406e+00
8.364109039306640625e+00
8.364109039306640625e+00
8.230577468872070312e+00
8.112793922424316406e+00
8.364109039306640625e+00
8.364109039306640625e+00
8.923724174499511719e+00
8.700580596923828125e+00
8.364109039306640625e+00
8.518259048461914062e+00
8.364109039306640625e+00
9.211406707763671875e+00
8.923724174499511719e+00
1.031001853942871094e+01
8.518259048461914062e+00
9.211406707763671875e+00
8.700580596923828125e+00
8.112793922424316406e+00
8.230577468872070312e+00
1.031001853942871094e+01
8.112793922424316406e+00
8.923724174499511719e+00
8.923724174499511719e+00
9.616871833801269531e+00
8.230577468872070312e+00
9.616871833801269531e+00
1.031001853942871094e+01
9.616871833801269531e+00
8.700580596923828125e+00
8.364109039306640625e+00
8.518259048461914062e+00
8.518259048461914062e+00
8.364109039306640625e+00
8.364109039306640625e+00
8.230577468872070312e+00
8.112793922424316406e+00
9.211406707763671875e+00
8.518259048461914062e+00
8.112793922424316406e+00
8.923724174499511719e+00
8.923724174499511719e+00
1.031001853942871094e+01
8.700580596923828125e+00
8.230577468872070312e+00
8.112793922424316406e+00
8.700580596923828125e+00
9.211406707763671875e+00
8.364109039306640625e+00
8.700580596923828125e+00
8.230577468872070312e+00
8.700580596923828125e+00
8.700580596923828125e+00
8.364109039306640625e+00
8.518259048461914062e+00
8.518259048461914062e+00
8.112793922424316406e+00
9.211406707763671875e+00
8.364109039306640625e+00
8.230577468872070312e+00
9.211406707763671875e+00
8.518259048461914062e+00
8.700580596923828125e+00
8.923724174499511719e+00
8.364109039306640625e+00
8.112793922424316406e+00
9.211406707763671875e+00
8.518259048461914062e+00
8.364109039306640625e+00
9.211406707763671875e+00
8.700580596923828125e+00
8.700580596923828125e+00
8.112793922424316406e+00
8.230577468872070312e+00
8.700580596923828125e+00
8.518259048461914062e+00
1.031001853942871094e+01
9.616871833801269531e+00
8.518259048461914062e+00
8.518259048461914062e+00
8.923724174499511719e+00
8.518259048461914062e+00
1.031001853942871094e+01
9.616871833801269531e+00
9.616871833801269531e+00
8.230577468872070312e+00
8.700580596923828125e+00
8.923724174499511719e+00
9.211406707763671875e+00
8.923724174499511719e+00
9.211406707763671875e+00
9.211406707763671875e+00
8.700580596923828125e+00
8.923724174499511719e+00
8.923724174499511719e+00
8.700580596923828125e+00
8.518259048461914062e+00
8.700580596923828125e+00
8.923724174499511719e+00
8.230577468872070312e+00
9.616871833801269531e+00
1.031001853942871094e+01
8.700580596923828125e+00
9.616871833801269531e+00
8.518259048461914062e+00
8.518259048461914062e+00
8.923724174499511719e+00
8.700580596923828125e+00
9.616871833801269531e+00
9.616871833801269531e+00
9.211406707763671875e+00
8.923724174499511719e+00
9.211406707763671875e+00
8.923724174499511719e+00
8.700580596923828125e+00
9.616871833801269531e+00
8.518259048461914062e+00
8.923724174499511719e+00
8.518259048461914062e+00
8.518259048461914062e+00
9.616871833801269531e+00
8.518259048461914062e+00
8.518259048461914062e+00
9.211406707763671875e+00
8.923724174499511719e+00
1.031001853942871094e+01
9.211406707763671875e+00
1.031001853942871094e+01
9.616871833801269531e+00
9.211406707763671875e+00
9.211406707763671875e+00
8.700580596923828125e+00
8.923724174499511719e+00
8.700580596923828125e+00
9.211406707763671875e+00
9.211406707763671875e+00
9.616871833801269531e+00
8.923724174499511719e+00
8.923724174499511719e+00
8.923724174499511719e+00
9.211406707763671875e+00
9.616871833801269531e+00
9.616871833801269531e+00
8.923724174499511719e+00
1.031001853942871094e+01
9.211406707763671875e+00
9.211406707763671875e+00
9.616871833801269531e+00
9.616871833801269531e+00
8.923724174499511719e+00
8.700580596923828125e+00
9.211406707763671875e+00
8.923724174499511719e+00
9.616871833801269531e+00
9.211406707763671875e+00
9.211406707763671875e+00
9.211406707763671875e+00
9.211406707763671875e+00
9.616871833801269531e+00
1.031001853942871094e+01
4.605170059204101562e+01
8.923724174499511719e+00
1.031001853942871094e+01
8.700580596923828125e+00
9.211406707763671875e+00
1.031001853942871094e+01
9.616871833801269531e+00
9.211406707763671875e+00
1.031001853942871094e+01
9.616871833801269531e+00
9.211406707763671875e+00
8.923724174499511719e+00
