1.237740507349371910e-03
1.229279791004955769e-03
1.237914897501468658e-03
1.261576777324080467e-03
1.239475212059915066e-03
1.220260281115770340e-03
1.240334473550319672e-03
1.226844266057014465e-03
1.211023190990090370e-03
1.226654974743723869e-03
1.197862671688199043e-03
1.080961083061993122e-03
1.188138499855995178e-03
1.185333938337862492e-03
1.194299198687076569e-03
1.091150217689573765e-03
1.178999431431293488e-03
1.039697672240436077e-03
1.128729432821273804e-03
1.050115330144762993e-03
1.035427325405180454e-03
9.513098630122840405e-04
1.018584589473903179e-03
9.887148626148700714e-04
1.027316320687532425e-03
9.668967104516923428e-04
1.014476874843239784e-03
9.455599356442689896e-04
1.001167809590697289e-03
9.761562687344849110e-04
9.513098630122840405e-04
1.041362644173204899e-03
9.684962569735944271e-04
9.913203539326786995e-04
9.731571190059185028e-04
9.619498159736394882e-04
1.030084327794611454e-03
1.037154579535126686e-03
1.006906502880156040e-03
9.636243921704590321e-04
9.513098630122840405e-04
1.051638391800224781e-03
8.417324279434978962e-04
9.652729495428502560e-04
9.887148626148700714e-04
9.776253718882799149e-04
9.761562687344849110e-04
9.602488134987652302e-04
9.619498159736394882e-04
8.523340220563113689e-04
9.987866505980491638e-04
9.021465084515511990e-04
9.900253498926758766e-04
9.373681386932730675e-04
9.619498159736394882e-04
9.513098630122840405e-04
8.990933420136570930e-04
9.819169063121080399e-04
9.846868924796581268e-04
9.051095112226903439e-04
9.900253498926758766e-04
9.352156776003539562e-04
9.307720465585589409e-04
9.700722876004874706e-04
9.833107469603419304e-04
9.435713291168212891e-04
9.873886592686176300e-04
9.237263584509491920e-04
9.999836329370737076e-04
9.415441891178488731e-04
9.805050212889909744e-04
9.619498159736394882e-04
9.700722876004874706e-04
8.705363143235445023e-04
9.415441891178488731e-04
9.619498159736394882e-04
9.652729495428502560e-04
9.619498159736394882e-04
9.135090513154864311e-04
9.394770604558289051e-04
8.822386735118925571e-04
9.494278347119688988e-04
9.567629313096404076e-04
9.531587711535394192e-04
9.373681386932730675e-04
8.926913142204284668e-04
9.435713291168212891e-04
9.531587711535394192e-04
9.951165411621332169e-04
9.475116385146975517e-04
9.567629313096404076e-04
8.523340220563113689e-04
9.307720465585589409e-04
9.716256754472851753e-04
9.051095112226903439e-04
9.161608759313821793e-04
8.618671563453972340e-04
9.261288214474916458e-04
9.330177563242614269e-04
9.549761307425796986e-04
9.790747426450252533e-04
9.161608759313821793e-04
9.161608759313821793e-04
7.998143555596470833e-04
9.161608759313821793e-04
9.373681386932730675e-04
9.531587711535394192e-04
9.475116385146975517e-04
8.160264114849269390e-04
9.455599356442689896e-04
9.373681386932730675e-04
9.161608759313821793e-04
9.619498159736394882e-04
9.284765692427754402e-04
8.784918463788926601e-04
8.926913142204284668e-04
9.261288214474916458e-04
8.822386735118925571e-04
9.079876472242176533e-04
9.761562687344849110e-04
9.284765692427754402e-04
9.652729495428502560e-04
9.394770604558289051e-04
8.662992622703313828e-04
9.307720465585589409e-04
9.284765692427754402e-04
9.284765692427754402e-04
9.394770604558289051e-04
8.893285994417965412e-04
8.572197984904050827e-04
9.051095112226903439e-04
9.261288214474916458e-04
8.893285994417965412e-04
9.619498159736394882e-04
8.231577230617403984e-04
8.822386735118925571e-04
9.079876472242176533e-04
8.893285994417965412e-04
9.700722876004874706e-04
9.549761307425796986e-04
8.662992622703313828e-04
9.652729495428502560e-04
8.858474320732057095e-04
9.237263584509491920e-04
8.523340220563113689e-04
9.079876472242176533e-04
9.021465084515511990e-04
8.893285994417965412e-04
8.662992622703313828e-04
8.784918463788926601e-04
7.998143555596470833e-04
8.745954255573451519e-04
9.107859805226325989e-04
9.107859805226325989e-04
8.297729655168950558e-04
8.926913142204284668e-04
9.021465084515511990e-04
8.784918463788926601e-04
8.893285994417965412e-04
9.494278347119688988e-04
9.567629313096404076e-04
9.284765692427754402e-04
8.160264114849269390e-04
8.359450730495154858e-04
8.784918463788926601e-04
8.893285994417965412e-04
9.107859805226325989e-04
9.107859805226325989e-04
9.415441891178488731e-04
8.926913142204284668e-04
8.359450730495154858e-04
9.549761307425796986e-04
8.662992622703313828e-04
7.904491503722965717e-04
7.375151617452502251e-04
8.745954255573451519e-04
8.893285994417965412e-04
8.297729655168950558e-04
8.359450730495154858e-04
8.160264114849269390e-04
8.822386735118925571e-04
8.822386735118925571e-04
8.662992622703313828e-04
8.662992622703313828e-04
9.330177563242614269e-04
9.051095112226903439e-04
8.990933420136570930e-04
7.166004506871104240e-04
9.161608759313821793e-04
8.822386735118925571e-04
8.858474320732057095e-04
8.572197984904050827e-04
8.160264114849269390e-04
9.021465084515511990e-04
9.352156776003539562e-04
8.959437836892902851e-04
9.051095112226903439e-04
7.904491503722965717e-04
8.926913142204284668e-04
9.284765692427754402e-04
8.822386735118925571e-04
9.212661534547805786e-04
8.745954255573451519e-04
9.307720465585589409e-04
8.705363143235445023e-04
8.858474320732057095e-04
9.330177563242614269e-04
8.082857821136713028e-04
8.297729655168950558e-04
8.926913142204284668e-04
9.051095112226903439e-04
8.618671563453972340e-04
8.858474320732057095e-04
9.161608759313821793e-04
9.307720465585589409e-04
9.307720465585589409e-04
8.784918463788926601e-04
8.359450730495154858e-04
8.926913142204284668e-04
8.990933420136570930e-04
8.662992622703313828e-04
8.926913142204284668e-04
9.307720465585589409e-04
9.284765692427754402e-04
9.079876472242176533e-04
9.079876472242176533e-04
8.297729655168950558e-04
8.822386735118925571e-04
8.705363143235445023e-04
8.618671563453972340e-04
9.237263584509491920e-04
8.959437836892902851e-04
8.572197984904050827e-04
9.107859805226325989e-04
9.187454124912619591e-04
7.799642626196146011e-04
8.618671563453972340e-04
9.161608759313821793e-04
9.261288214474916458e-04
9.107859805226325989e-04
8.417324279434978962e-04
9.079876472242176533e-04
9.107859805226325989e-04
8.471824694424867630e-04
9.352156776003539562e-04
8.662992622703313828e-04
9.187454124912619591e-04
8.745954255573451519e-04
8.359450730495154858e-04
9.307720465585589409e-04
9.237263584509491920e-04
9.187454124912619591e-04
8.926913142204284668e-04
8.359450730495154858e-04
8.858474320732057095e-04
9.261288214474916458e-04
7.998143555596470833e-04
7.998143555596470833e-04
9.161608759313821793e-04
8.990933420136570930e-04
9.161608759313821793e-04
7.680333801545202732e-04
9.187454124912619591e-04
8.359450730495154858e-04
8.822386735118925571e-04
8.705363143235445023e-04
8.990933420136570930e-04
9.161608759313821793e-04
9.212661534547805786e-04
8.745954255573451519e-04
8.572197984904050827e-04
8.359450730495154858e-04
8.231577230617403984e-04
8.705363143235445023e-04
8.784918463788926601e-04
8.858474320732057095e-04
8.359450730495154858e-04
9.107859805226325989e-04
8.523340220563113689e-04
9.212661534547805786e-04
8.959437836892902851e-04
8.082857821136713028e-04
8.160264114849269390e-04
8.160264114849269390e-04
7.904491503722965717e-04
8.822386735118925571e-04
8.297729655168950558e-04
7.799642626196146011e-04
8.959437836892902851e-04
8.417324279434978962e-04
8.618671563453972340e-04
8.959437836892902851e-04
7.998143555596470833e-04
8.297729655168950558e-04
8.417324279434978962e-04
7.680333801545202732e-04
8.160264114849269390e-04
9.237263584509491920e-04
8.082857821136713028e-04
8.417324279434978962e-04
9.212661534547805786e-04
8.417324279434978962e-04
8.705363143235445023e-04
9.135090513154864311e-04
8.297729655168950558e-04
7.998143555596470833e-04
8.858474320732057095e-04
8.822386735118925571e-04
8.784918463788926601e-04
8.959437836892902851e-04
7.799642626196146011e-04
8.523340220563113689e-04
8.893285994417965412e-04
8.572197984904050827e-04
8.082857821136713028e-04
8.231577230617403984e-04
8.959437836892902851e-04
8.471824694424867630e-04
8.784918463788926601e-04
8.662992622703313828e-04
8.359450730495154858e-04
9.261288214474916458e-04
8.784918463788926601e-04
8.893285994417965412e-04
8.297729655168950558e-04
8.618671563453972340e-04
7.799642626196146011e-04
8.662992622703313828e-04
8.297729655168950558e-04
8.523340220563113689e-04
8.417324279434978962e-04
9.187454124912619591e-04
8.523340220563113689e-04
9.212661534547805786e-04
8.523340220563113689e-04
8.959437836892902851e-04
8.990933420136570930e-04
8.297729655168950558e-04
8.822386735118925571e-04
7.799642626196146011e-04
7.166004506871104240e-04
8.359450730495154858e-04
8.082857821136713028e-04
8.662992622703313828e-04
8.297729655168950558e-04
7.799642626196146011e-04
7.904491503722965717e-04
8.745954255573451519e-04
8.705363143235445023e-04
8.745954255573451519e-04
8.417324279434978962e-04
8.926913142204284668e-04
8.572197984904050827e-04
8.417324279434978962e-04
8.959437836892902851e-04
9.051095112226903439e-04
8.959437836892902851e-04
8.784918463788926601e-04
8.893285994417965412e-04
8.662992622703313828e-04
8.231577230617403984e-04
8.523340220563113689e-04
8.618671563453972340e-04
8.231577230617403984e-04
8.618671563453972340e-04
8.417324279434978962e-04
8.745954255573451519e-04
9.021465084515511990e-04
8.417324279434978962e-04
8.160264114849269390e-04
7.904491503722965717e-04
8.990933420136570930e-04
8.417324279434978962e-04
8.893285994417965412e-04
8.471824694424867630e-04
8.572197984904050827e-04
8.959437836892902851e-04
7.680333801545202732e-04
8.082857821136713028e-04
7.799642626196146011e-04
8.297729655168950558e-04
9.135090513154864311e-04
8.858474320732057095e-04
8.822386735118925571e-04
8.417324279434978962e-04
8.784918463788926601e-04
8.417324279434978962e-04
8.231577230617403984e-04
8.359450730495154858e-04
8.959437836892902851e-04
9.021465084515511990e-04
7.680333801545202732e-04
8.959437836892902851e-04
8.297729655168950558e-04
8.926913142204284668e-04
8.662992622703313828e-04
8.784918463788926601e-04
8.417324279434978962e-04
8.417324279434978962e-04
8.523340220563113689e-04
8.662992622703313828e-04
8.523340220563113689e-04
9.079876472242176533e-04
7.541573140770196915e-04
7.998143555596470833e-04
8.745954255573451519e-04
8.160264114849269390e-04
8.417324279434978962e-04
8.990933420136570930e-04
9.051095112226903439e-04
8.926913142204284668e-04
7.799642626196146011e-04
8.231577230617403984e-04
8.705363143235445023e-04
8.082857821136713028e-04
8.990933420136570930e-04
8.359450730495154858e-04
8.471824694424867630e-04
7.904491503722965717e-04
8.705363143235445023e-04
7.680333801545202732e-04
7.799642626196146011e-04
8.471824694424867630e-04
7.799642626196146011e-04
8.417324279434978962e-04
8.618671563453972340e-04
8.359450730495154858e-04
9.079876472242176533e-04
8.893285994417965412e-04
8.082857821136713028e-04
7.541573140770196915e-04
8.822386735118925571e-04
7.680333801545202732e-04
8.160264114849269390e-04
7.904491503722965717e-04
8.231577230617403984e-04
7.904491503722965717e-04
7.904491503722965717e-04
8.705363143235445023e-04
8.662992622703313828e-04
7.375151617452502251e-04
8.359450730495154858e-04
8.082857821136713028e-04
8.082857821136713028e-04
7.799642626196146011e-04
8.523340220563113689e-04
7.166004506871104240e-04
8.618671563453972340e-04
8.784918463788926601e-04
7.904491503722965717e-04
8.359450730495154858e-04
8.160264114849269390e-04
8.662992622703313828e-04
7.680333801545202732e-04
8.297729655168950558e-04
8.822386735118925571e-04
8.705363143235445023e-04
7.375151617452502251e-04
8.297729655168950558e-04
8.523340220563113689e-04
8.297729655168950558e-04
8.417324279434978962e-04
8.297729655168950558e-04
8.231577230617403984e-04
8.231577230617403984e-04
7.904491503722965717e-04
8.297729655168950558e-04
7.998143555596470833e-04
8.082857821136713028e-04
8.160264114849269390e-04
8.618671563453972340e-04
8.471824694424867630e-04
8.893285994417965412e-04
8.082857821136713028e-04
8.618671563453972340e-04
8.297729655168950558e-04
7.998143555596470833e-04
8.359450730495154858e-04
8.618671563453972340e-04
8.471824694424867630e-04
8.231577230617403984e-04
8.523340220563113689e-04
8.572197984904050827e-04
8.572197984904050827e-04
8.822386735118925571e-04
8.784918463788926601e-04
8.471824694424867630e-04
8.297729655168950558e-04
8.231577230617403984e-04
7.166004506871104240e-04
8.417324279434978962e-04
8.662992622703313828e-04
8.359450730495154858e-04
8.160264114849269390e-04
7.541573140770196915e-04
8.926913142204284668e-04
8.745954255573451519e-04
8.745954255573451519e-04
8.297729655168950558e-04
6.420442368835210800e-04
7.998143555596470833e-04
7.541573140770196915e-04
8.297729655168950558e-04
8.618671563453972340e-04
8.662992622703313828e-04
8.858474320732057095e-04
7.998143555596470833e-04
7.375151617452502251e-04
8.662992622703313828e-04
7.680333801545202732e-04
8.297729655168950558e-04
7.799642626196146011e-04
8.893285994417965412e-04
8.523340220563113689e-04
7.904491503722965717e-04
8.572197984904050827e-04
7.541573140770196915e-04
8.359450730495154858e-04
8.160264114849269390e-04
8.523340220563113689e-04
8.662992622703313828e-04
8.297729655168950558e-04
7.799642626196146011e-04
8.417324279434978962e-04
8.705363143235445023e-04
8.705363143235445023e-04
7.799642626196146011e-04
8.417324279434978962e-04
8.297729655168950558e-04
8.822386735118925571e-04
8.359450730495154858e-04
8.662992622703313828e-04
8.297729655168950558e-04
8.417324279434978962e-04
8.160264114849269390e-04
7.998143555596470833e-04
8.082857821136713028e-04
8.231577230617403984e-04
7.904491503722965717e-04
8.705363143235445023e-04
7.904491503722965717e-04
8.858474320732057095e-04
8.417324279434978962e-04
8.858474320732057095e-04
8.471824694424867630e-04
8.160264114849269390e-04
8.471824694424867630e-04
8.417324279434978962e-04
7.680333801545202732e-04
7.904491503722965717e-04
8.858474320732057095e-04
8.359450730495154858e-04
8.662992622703313828e-04
8.523340220563113689e-04
7.680333801545202732e-04
8.822386735118925571e-04
8.231577230617403984e-04
8.662992622703313828e-04
8.231577230617403984e-04
7.799642626196146011e-04
8.822386735118925571e-04
7.799642626196146011e-04
8.893285994417965412e-04
8.893285994417965412e-04
8.618671563453972340e-04
7.799642626196146011e-04
7.799642626196146011e-04
8.297729655168950558e-04
7.375151617452502251e-04
7.680333801545202732e-04
8.231577230617403984e-04
8.705363143235445023e-04
8.231577230617403984e-04
7.799642626196146011e-04
8.705363143235445023e-04
8.572197984904050827e-04
8.231577230617403984e-04
8.359450730495154858e-04
7.799642626196146011e-04
8.417324279434978962e-04
8.231577230617403984e-04
8.359450730495154858e-04
7.799642626196146011e-04
7.904491503722965717e-04
7.998143555596470833e-04
8.082857821136713028e-04
1.800210884539410472e-05
8.160264114849269390e-04
7.541573140770196915e-04
8.618671563453972340e-04
7.904491503722965717e-04
8.523340220563113689e-04
8.359450730495154858e-04
7.998143555596470833e-04
7.998143555596470833e-04
8.822386735118925571e-04
8.231577230617403984e-04
8.745954255573451519e-04
8.618671563453972340e-04
8.523340220563113689e-04
8.523340220563113689e-04
8.784918463788926601e-04
8.662992622703313828e-04
8.417324279434978962e-04
8.471824694424867630e-04
8.662992622703313828e-04
8.417324279434978962e-04
8.471824694424867630e-04
8.572197984904050827e-04
8.417324279434978962e-04
8.417324279434978962e-04
7.998143555596470833e-04
8.160264114849269390e-04
8.160264114849269390e-04
7.541573140770196915e-04
8.359450730495154858e-04
8.523340220563113689e-04
8.160264114849269390e-04
7.375151617452502251e-04
8.417324279434978962e-04
7.375151617452502251e-04
8.297729655168950558e-04
7.904491503722965717e-04
8.231577230617403984e-04
8.618671563453972340e-04
7.799642626196146011e-04
8.618671563453972340e-04
7.799642626196146011e-04
8.471824694424867630e-04
8.297729655168950558e-04
8.231577230617403984e-04
8.160264114849269390e-04
7.680333801545202732e-04
7.998143555596470833e-04
7.998143555596470833e-04
8.160264114849269390e-04
8.662992622703313828e-04
8.784918463788926601e-04
7.904491503722965717e-04
8.160264114849269390e-04
8.297729655168950558e-04
8.359450730495154858e-04
8.231577230617403984e-04
8.572197984904050827e-04
8.297729655168950558e-04
7.680333801545202732e-04
8.160264114849269390e-04
7.799642626196146011e-04
7.904491503722965717e-04
8.359450730495154858e-04
8.417324279434978962e-04
8.231577230617403984e-04
8.297729655168950558e-04
7.998143555596470833e-04
8.231577230617403984e-04
8.160264114849269390e-04
8.082857821136713028e-04
7.998143555596470833e-04
7.998143555596470833e-04
6.881259614601731300e-04
7.799642626196146011e-04
7.375151617452502251e-04
7.904491503722965717e-04
8.471824694424867630e-04
8.417324279434978962e-04
8.082857821136713028e-04
8.359450730495154858e-04
8.745954255573451519e-04
7.904491503722965717e-04
7.799642626196146011e-04
8.523340220563113689e-04
8.417324279434978962e-04
8.662992622703313828e-04
8.297729655168950558e-04
8.471824694424867630e-04
8.745954255573451519e-04
8.297729655168950558e-04
8.523340220563113689e-04
7.680333801545202732e-04
7.799642626196146011e-04
8.523340220563113689e-04
6.881259614601731300e-04
7.799642626196146011e-04
8.572197984904050827e-04
7.998143555596470833e-04
8.082857821136713028e-04
8.231577230617403984e-04
7.680333801545202732e-04
8.082857821136713028e-04
8.160264114849269390e-04
7.375151617452502251e-04
7.799642626196146011e-04
6.420442368835210800e-04
8.297729655168950558e-04
8.618671563453972340e-04
8.471824694424867630e-04
7.998143555596470833e-04
7.541573140770196915e-04
7.375151617452502251e-04
8.471824694424867630e-04
7.998143555596470833e-04
8.231577230617403984e-04
8.745954255573451519e-04
7.998143555596470833e-04
8.297729655168950558e-04
8.572197984904050827e-04
8.297729655168950558e-04
7.375151617452502251e-04
8.231577230617403984e-04
7.680333801545202732e-04
7.904491503722965717e-04
8.231577230617403984e-04
8.471824694424867630e-04
7.166004506871104240e-04
7.375151617452502251e-04
8.359450730495154858e-04
8.417324279434978962e-04
8.231577230617403984e-04
7.799642626196146011e-04
8.297729655168950558e-04
8.297729655168950558e-04
8.471824694424867630e-04
8.160264114849269390e-04
8.297729655168950558e-04
7.799642626196146011e-04
8.160264114849269390e-04
8.082857821136713028e-04
8.662992622703313828e-04
8.417324279434978962e-04
8.082857821136713028e-04
8.082857821136713028e-04
8.359450730495154858e-04
7.541573140770196915e-04
8.160264114849269390e-04
7.680333801545202732e-04
8.417324279434978962e-04
8.082857821136713028e-04
7.998143555596470833e-04
8.082857821136713028e-04
7.680333801545202732e-04
6.881259614601731300e-04
8.523340220563113689e-04
8.160264114849269390e-04
8.082857821136713028e-04
8.359450730495154858e-04
7.998143555596470833e-04
7.541573140770196915e-04
8.160264114849269390e-04
7.799642626196146011e-04
8.082857821136713028e-04
7.541573140770196915e-04
8.618671563453972340e-04
7.998143555596470833e-04
8.160264114849269390e-04
7.799642626196146011e-04
7.998143555596470833e-04
8.160264114849269390e-04
7.799642626196146011e-04
8.359450730495154858e-04
8.231577230617403984e-04
8.082857821136713028e-04
7.799642626196146011e-04
8.297729655168950558e-04
8.082857821136713028e-04
8.417324279434978962e-04
8.572197984904050827e-04
7.799642626196146011e-04
8.160264114849269390e-04
7.799642626196146011e-04
7.998143555596470833e-04
7.904491503722965717e-04
7.998143555596470833e-04
7.799642626196146011e-04
8.471824694424867630e-04
8.297729655168950558e-04
8.231577230617403984e-04
7.166004506871104240e-04
8.417324279434978962e-04
7.904491503722965717e-04
7.375151617452502251e-04
8.359450730495154858e-04
7.904491503722965717e-04
8.231577230617403984e-04
8.297729655168950558e-04
8.572197984904050827e-04
7.166004506871104240e-04
8.359450730495154858e-04
8.471824694424867630e-04
7.680333801545202732e-04
7.375151617452502251e-04
7.998143555596470833e-04
8.160264114849269390e-04
8.523340220563113689e-04
8.359450730495154858e-04
8.471824694424867630e-04
8.417324279434978962e-04
7.166004506871104240e-04
8.359450730495154858e-04
7.375151617452502251e-04
7.799642626196146011e-04
8.082857821136713028e-04
8.359450730495154858e-04
7.166004506871104240e-04
7.998143555596470833e-04
7.998143555596470833e-04
8.572197984904050827e-04
7.904491503722965717e-04
7.998143555596470833e-04
8.523340220563113689e-04
7.998143555596470833e-04
7.904491503722965717e-04
8.231577230617403984e-04
8.523340220563113689e-04
7.375151617452502251e-04
8.359450730495154858e-04
7.998143555596470833e-04
7.541573140770196915e-04
7.904491503722965717e-04
7.680333801545202732e-04
8.231577230617403984e-04
8.297729655168950558e-04
8.231577230617403984e-04
7.541573140770196915e-04
8.572197984904050827e-04
8.082857821136713028e-04
8.160264114849269390e-04
7.799642626196146011e-04
8.297729655168950558e-04
7.904491503722965717e-04
8.417324279434978962e-04
8.297729655168950558e-04
8.417324279434978962e-04
7.541573140770196915e-04
8.082857821136713028e-04
8.231577230617403984e-04
7.375151617452502251e-04
7.998143555596470833e-04
8.297729655168950558e-04
8.231577230617403984e-04
7.799642626196146011e-04
8.160264114849269390e-04
8.471824694424867630e-04
7.998143555596470833e-04
7.904491503722965717e-04
8.082857821136713028e-04
8.417324279434978962e-04
7.166004506871104240e-04
7.998143555596470833e-04
8.417324279434978962e-04
7.680333801545202732e-04
7.375151617452502251e-04
8.231577230617403984e-04
7.904491503722965717e-04
7.541573140770196915e-04
7.799642626196146011e-04
8.082857821136713028e-04
7.166004506871104240e-04
8.359450730495154858e-04
7.904491503722965717e-04
8.082857821136713028e-04
7.541573140770196915e-04
6.881259614601731300e-04
7.799642626196146011e-04
8.082857821136713028e-04
7.904491503722965717e-04
8.082857821136713028e-04
8.297729655168950558e-04
8.231577230617403984e-04
8.231577230617403984e-04
7.166004506871104240e-04
7.904491503722965717e-04
7.375151617452502251e-04
7.904491503722965717e-04
7.375151617452502251e-04
6.881259614601731300e-04
8.297729655168950558e-04
7.541573140770196915e-04
7.375151617452502251e-04
6.881259614601731300e-04
7.904491503722965717e-04
7.541573140770196915e-04
7.998143555596470833e-04
8.359450730495154858e-04
8.160264114849269390e-04
8.160264114849269390e-04
7.799642626196146011e-04
7.541573140770196915e-04
8.297729655168950558e-04
7.904491503722965717e-04
8.359450730495154858e-04
7.166004506871104240e-04
8.082857821136713028e-04
7.904491503722965717e-04
7.680333801545202732e-04
7.998143555596470833e-04
8.297729655168950558e-04
8.082857821136713028e-04
8.231577230617403984e-04
7.541573140770196915e-04
7.998143555596470833e-04
7.680333801545202732e-04
7.680333801545202732e-04
7.375151617452502251e-04
7.998143555596470833e-04
7.799642626196146011e-04
7.799642626196146011e-04
8.231577230617403984e-04
7.375151617452502251e-04
8.160264114849269390e-04
8.359450730495154858e-04
7.904491503722965717e-04
7.680333801545202732e-04
7.541573140770196915e-04
7.680333801545202732e-04
7.998143555596470833e-04
6.420442368835210800e-04
7.541573140770196915e-04
8.297729655168950558e-04
7.680333801545202732e-04
7.680333801545202732e-04
8.231577230617403984e-04
7.998143555596470833e-04
7.166004506871104240e-04
7.904491503722965717e-04
7.680333801545202732e-04
7.998143555596470833e-04
7.375151617452502251e-04
7.998143555596470833e-04
7.680333801545202732e-04
7.375151617452502251e-04
8.082857821136713028e-04
7.904491503722965717e-04
7.680333801545202732e-04
8.082857821136713028e-04
8.231577230617403984e-04
6.420442368835210800e-04
8.297729655168950558e-04
7.998143555596470833e-04
8.082857821136713028e-04
7.166004506871104240e-04
8.359450730495154858e-04
8.160264114849269390e-04
7.904491503722965717e-04
7.680333801545202732e-04
7.998143555596470833e-04
7.541573140770196915e-04
8.082857821136713028e-04
7.680333801545202732e-04
8.160264114849269390e-04
6.881259614601731300e-04
7.680333801545202732e-04
7.166004506871104240e-04
1.800210884539410472e-05
8.231577230617403984e-04
7.541573140770196915e-04
7.799642626196146011e-04
7.541573140770196915e-04
7.998143555596470833e-04
8.082857821136713028e-04
7.998143555596470833e-04
7.799642626196146011e-04
6.881259614601731300e-04
7.799642626196146011e-04
7.166004506871104240e-04
7.998143555596470833e-04
7.375151617452502251e-04
7.904491503722965717e-04
6.420442368835210800e-04
7.375151617452502251e-04
7.375151617452502251e-04
7.375151617452502251e-04
7.166004506871104240e-04
7.375151617452502251e-04
7.904491503722965717e-04
7.799642626196146011e-04
7.541573140770196915e-04
7.799642626196146011e-04
7.541573140770196915e-04
6.420442368835210800e-04
7.375151617452502251e-04
7.998143555596470833e-04
7.375151617452502251e-04
8.082857821136713028e-04
1.800210884539410472e-05
7.680333801545202732e-04
7.799642626196146011e-04
7.541573140770196915e-04
7.680333801545202732e-04
7.541573140770196915e-04
7.166004506871104240e-04
7.680333801545202732e-04
8.082857821136713028e-04
7.799642626196146011e-04
8.160264114849269390e-04
8.231577230617403984e-04
8.082857821136713028e-04
7.799642626196146011e-04
7.904491503722965717e-04
7.680333801545202732e-04
7.166004506871104240e-04
1.800210884539410472e-05
7.680333801545202732e-04
7.541573140770196915e-04
7.904491503722965717e-04
7.166004506871104240e-04
7.541573140770196915e-04
8.082857821136713028e-04
7.680333801545202732e-04
7.998143555596470833e-04
7.541573140770196915e-04
7.680333801545202732e-04
7.541573140770196915e-04
7.680333801545202732e-04
8.082857821136713028e-04
7.375151617452502251e-04
7.541573140770196915e-04
7.166004506871104240e-04
7.904491503722965717e-04
7.799642626196146011e-04
7.541573140770196915e-04
7.799642626196146011e-04
7.680333801545202732e-04
7.904491503722965717e-04
7.541573140770196915e-04
7.998143555596470833e-04
8.160264114849269390e-04
7.904491503722965717e-04
7.541573140770196915e-04
7.541573140770196915e-04
7.998143555596470833e-04
6.881259614601731300e-04
6.881259614601731300e-04
8.082857821136713028e-04
7.541573140770196915e-04
7.799642626196146011e-04
7.166004506871104240e-04
7.998143555596470833e-04
7.166004506871104240e-04
7.541573140770196915e-04
6.881259614601731300e-04
7.998143555596470833e-04
7.799642626196146011e-04
7.799642626196146011e-04
7.904491503722965717e-04
7.998143555596470833e-04
7.799642626196146011e-04
7.799642626196146011e-04
7.375151617452502251e-04
7.541573140770196915e-04
7.799642626196146011e-04
7.680333801545202732e-04
7.799642626196146011e-04
7.166004506871104240e-04
7.375151617452502251e-04
6.420442368835210800e-04
7.680333801545202732e-04
7.166004506871104240e-04
7.541573140770196915e-04
7.998143555596470833e-04
7.904491503722965717e-04
6.420442368835210800e-04
7.998143555596470833e-04
7.375151617452502251e-04
7.375151617452502251e-04
6.881259614601731300e-04
7.904491503722965717e-04
6.881259614601731300e-04
6.420442368835210800e-04
6.881259614601731300e-04
7.541573140770196915e-04
7.799642626196146011e-04
7.680333801545202732e-04
7.680333801545202732e-04
7.799642626196146011e-04
7.799642626196146011e-04
7.904491503722965717e-04
7.998143555596470833e-04
7.166004506871104240e-04
7.680333801545202732e-04
7.998143555596470833e-04
7.375151617452502251e-04
7.375151617452502251e-04
6.420442368835210800e-04
7.541573140770196915e-04
7.904491503722965717e-04
7.998143555596470833e-04
7.541573140770196915e-04
7.166004506871104240e-04
7.799642626196146011e-04
7.541573140770196915e-04
7.904491503722965717e-04
7.541573140770196915e-04
7.541573140770196915e-04
7.799642626196146011e-04
7.680333801545202732e-04
7.680333801545202732e-04
7.998143555596470833e-04
7.166004506871104240e-04
7.799642626196146011e-04
7.904491503722965717e-04
7.166004506871104240e-04
7.680333801545202732e-04
7.541573140770196915e-04
7.375151617452502251e-04
7.799642626196146011e-04
7.998143555596470833e-04
7.166004506871104240e-04
7.680333801545202732e-04
7.799642626196146011e-04
7.166004506871104240e-04
7.541573140770196915e-04
7.541573140770196915e-04
7.998143555596470833e-04
7.904491503722965717e-04
7.541573140770196915e-04
7.680333801545202732e-04
6.420442368835210800e-04
6.881259614601731300e-04
7.680333801545202732e-04
7.680333801545202732e-04
7.375151617452502251e-04
7.680333801545202732e-04
6.420442368835210800e-04
6.881259614601731300e-04
6.881259614601731300e-04
7.904491503722965717e-04
7.541573140770196915e-04
7.375151617452502251e-04
7.166004506871104240e-04
7.375151617452502251e-04
7.166004506871104240e-04
7.166004506871104240e-04
7.541573140770196915e-04
7.375151617452502251e-04
7.375151617452502251e-04
7.541573140770196915e-04
7.680333801545202732e-04
7.541573140770196915e-04
7.375151617452502251e-04
7.904491503722965717e-04
6.881259614601731300e-04
6.420442368835210800e-04
7.541573140770196915e-04
6.881259614601731300e-04
7.680333801545202732e-04
7.680333801545202732e-04
7.375151617452502251e-04
7.541573140770196915e-04
6.881259614601731300e-04
6.881259614601731300e-04
7.166004506871104240e-04
7.375151617452502251e-04
7.166004506871104240e-04
7.375151617452502251e-04
7.541573140770196915e-04
6.881259614601731300e-04
7.680333801545202732e-04
7.375151617452502251e-04
7.680333801545202732e-04
7.680333801545202732e-04
6.881259614601731300e-04
7.680333801545202732e-04
7.680333801545202732e-04
7.166004506871104240e-04
7.375151617452502251e-04
6.420442368835210800e-04
7.166004506871104240e-04
6.420442368835210800e-04
6.881259614601731300e-04
7.166004506871104240e-04
7.166004506871104240e-04
7.541573140770196915e-04
7.375151617452502251e-04
7.541573140770196915e-04
7.166004506871104240e-04
7.166004506871104240e-04
6.881259614601731300e-04
7.375151617452502251e-04
7.375151617452502251e-04
7.375151617452502251e-04
7.166004506871104240e-04
6.881259614601731300e-04
6.881259614601731300e-04
7.375151617452502251e-04
6.420442368835210800e-04
7.166004506871104240e-04
7.166004506871104240e-04
6.881259614601731300e-04
6.881259614601731300e-04
7.375151617452502251e-04
7.541573140770196915e-04
7.166004506871104240e-04
7.375151617452502251e-04
6.881259614601731300e-04
7.166004506871104240e-04
7.166004506871104240e-04
7.166004506871104240e-04
7.166004506871104240e-04
6.881259614601731300e-04
6.420442368835210800e-04
1.800210884539410472e-05
7.375151617452502251e-04
6.420442368835210800e-04
7.541573140770196915e-04
7.166004506871104240e-04
6.420442368835210800e-04
6.881259614601731300e-04
7.166004506871104240e-04
6.420442368835210800e-04
6.881259614601731300e-04
7.166004506871104240e-04
7.375151617452502251e-04
