1.271521020680665970e-02
1.187230926007032394e-02
1.273314189165830612e-02
1.538737490773200989e-02
1.289454754441976547e-02
1.102941203862428665e-02
1.298421993851661682e-02
1.163916755467653275e-02
1.022238191217184067e-02
1.162123493850231171e-02
9.164273738861083984e-03
3.281922778114676476e-03
8.446917869150638580e-03
8.249640464782714844e-03
8.895266801118850708e-03
3.604734549298882484e-03
7.819225080311298370e-03
2.223816700279712677e-03
5.057388450950384140e-03
2.456958172842860222e-03
2.134146634489297867e-03
9.146343800239264965e-04
1.811334630474448204e-03
1.345050055533647537e-03
1.972740050405263901e-03
1.076039974577724934e-03
1.739598461426794529e-03
8.608319913037121296e-04
1.524390652775764465e-03
1.183644053526222706e-03
9.146343800239264965e-04
2.259684726595878601e-03
1.093974220566451550e-03
1.380918431095778942e-03
1.147776492871344090e-03
1.022238400764763355e-03
2.026542089879512787e-03
2.170014195144176483e-03
1.614060020074248314e-03
1.040172413922846317e-03
9.146343800239264965e-04
2.492826199159026146e-03
2.690099936444312334e-04
1.058105961419641972e-03
1.345050055533647537e-03
1.201578299514949322e-03
1.183644053526222706e-03
1.004304271191358566e-03
1.022238400764763355e-03
3.048781363759189844e-04
1.488522393628954887e-03
5.380199872888624668e-04
1.362984534353017807e-03
7.890959968790411949e-04
1.022238400764763355e-03
9.146343800239264965e-04
5.200862069614231586e-04
1.255380338989198208e-03
1.291248016059398651e-03
5.559541750699281693e-04
1.362984534353017807e-03
7.711622165516018867e-04
7.352942484430968761e-04
1.111908350139856339e-03
1.273314119316637516e-03
8.428980363532900810e-04
1.327116158790886402e-03
6.814922671765089035e-04
1.506456406787037849e-03
8.249643724411725998e-04
1.237445976585149765e-03
1.022238400764763355e-03
1.111908350139856339e-03
3.766141016967594624e-04
8.249643724411725998e-04
1.022238400764763355e-03
1.058105961419641972e-03
1.022238400764763355e-03
6.097562727518379688e-04
8.070300100371241570e-04
4.304159956518560648e-04
8.967000176198780537e-04
9.684360120445489883e-04
9.325681021437048912e-04
7.890959968790411949e-04
4.842180060222744942e-04
8.428980363532900810e-04
9.325681021437048912e-04
1.434720004908740520e-03
8.787660626694560051e-04
9.684360120445489883e-04
3.048781363759189844e-04
7.352942484430968761e-04
1.129842363297939301e-03
5.559541750699281693e-04
6.276901694945991039e-04
3.407461335882544518e-04
6.994260475039482117e-04
7.532282033935189247e-04
9.505021153017878532e-04
1.219512545503675938e-03
6.276901694945991039e-04
6.276901694945991039e-04
1.362883718684315681e-03
6.276901694945991039e-04
7.890959968790411949e-04
9.325681021437048912e-04
8.787660626694560051e-04
3.606159007176756859e-03
8.608319913037121296e-04
7.890959968790411949e-04
6.276901694945991039e-04
1.022238400764763355e-03
7.173600024543702602e-04
4.124821862205862999e-04
4.842180060222744942e-04
6.994260475039482117e-04
4.304159956518560648e-04
5.738882464356720448e-04
1.183644053526222706e-03
7.173600024543702602e-04
1.058105961419641972e-03
8.070300100371241570e-04
3.586800012271851301e-04
7.352942484430968761e-04
7.173600024543702602e-04
7.173600024543702602e-04
8.070300100371241570e-04
4.662840510718524456e-04
3.228120040148496628e-04
5.559541750699281693e-04
6.994260475039482117e-04
4.662840510718524456e-04
1.022238400764763355e-03
9.494193946011364460e-04
4.304159956518560648e-04
5.738882464356720448e-04
4.662840510718524456e-04
1.111908350139856339e-03
9.505021153017878532e-04
3.586800012271851301e-04
1.058105961419641972e-03
4.483500088099390268e-04
6.814922671765089035e-04
3.048781363759189844e-04
5.738882464356720448e-04
5.380199872888624668e-04
4.662840510718524456e-04
3.586800012271851301e-04
4.124821862205862999e-04
3.402239963179454207e-05
3.945479984395205975e-04
5.918220267631113529e-04
5.918220267631113529e-04
2.331420255359262228e-04
4.842180060222744942e-04
5.380199872888624668e-04
4.124821862205862999e-04
4.662840510718524456e-04
8.967000176198780537e-04
9.684360120445489883e-04
7.173600024543702602e-04
6.132434355095028877e-04
2.510760677978396416e-04
4.124821862205862999e-04
4.662840510718524456e-04
5.918220267631113529e-04
5.918220267631113529e-04
8.249643724411725998e-04
4.842180060222744942e-04
2.510760677978396416e-04
9.505021153017878532e-04
3.586800012271851301e-04
2.016577636823058128e-03
2.939538680948317051e-04
3.945479984395205975e-04
4.662840510718524456e-04
2.331420255359262228e-04
2.510760677978396416e-04
9.241462976206094027e-05
4.304159956518560648e-04
4.304159956518560648e-04
3.586800012271851301e-04
3.586800012271851301e-04
7.532282033935189247e-04
5.559541750699281693e-04
5.200862069614231586e-04
4.052222648169845343e-04
6.276901694945991039e-04
4.304159956518560648e-04
4.483500088099390268e-04
3.228120040148496628e-04
7.151003228500485420e-04
5.380199872888624668e-04
7.711622165516018867e-04
5.021521355956792831e-04
5.559541750699281693e-04
2.335301542188972235e-04
4.842180060222744942e-04
7.173600024543702602e-04
4.304159956518560648e-04
6.635580793954432011e-04
3.945479984395205975e-04
7.352942484430968761e-04
3.766141016967594624e-04
4.483500088099390268e-04
7.532282033935189247e-04
8.985143504105508327e-04
2.331420255359262228e-04
4.842180060222744942e-04
5.559541750699281693e-04
3.407461335882544518e-04
4.483500088099390268e-04
6.276901694945991039e-04
7.352942484430968761e-04
7.352942484430968761e-04
4.124821862205862999e-04
2.510760677978396416e-04
4.842180060222744942e-04
5.200862069614231586e-04
3.586800012271851301e-04
4.842180060222744942e-04
7.352942484430968761e-04
7.173600024543702602e-04
5.738882464356720448e-04
5.738882464356720448e-04
2.331420255359262228e-04
4.304159956518560648e-04
3.766141016967594624e-04
3.407461335882544518e-04
6.814922671765089035e-04
5.021521355956792831e-04
3.228120040148496628e-04
5.918220267631113529e-04
6.456240080296993256e-04
6.949259550310671329e-04
3.407461335882544518e-04
6.276901694945991039e-04
6.994260475039482117e-04
5.918220267631113529e-04
2.690099936444312334e-04
5.738882464356720448e-04
5.918220267631113529e-04
2.869441232178360224e-04
7.711622165516018867e-04
3.586800012271851301e-04
6.456240080296993256e-04
3.945479984395205975e-04
2.510760677978396416e-04
7.352942484430968761e-04
6.814922671765089035e-04
6.456240080296993256e-04
4.842180060222744942e-04
2.510760677978396416e-04
4.483500088099390268e-04
6.994260475039482117e-04
1.950545702129602432e-04
2.118292177328839898e-04
6.276901694945991039e-04
5.200862069614231586e-04
6.276901694945991039e-04
1.290216023335233331e-04
6.456240080296993256e-04
2.510760677978396416e-04
4.304159956518560648e-04
3.766141016967594624e-04
5.200862069614231586e-04
6.276901694945991039e-04
6.635580793954432011e-04
3.945479984395205975e-04
3.228120040148496628e-04
2.510760677978396416e-04
1.842561061494052410e-03
3.766141016967594624e-04
4.124821862205862999e-04
4.483500088099390268e-04
2.510760677978396416e-04
5.918220267631113529e-04
3.048781363759189844e-04
6.635580793954432011e-04
5.021521355956792831e-04
1.749400544213131070e-04
2.866857685148715973e-04
1.453946169931441545e-04
1.009126659482717514e-03
4.304159956518560648e-04
2.331420255359262228e-04
2.664240309968590736e-04
5.021521355956792831e-04
2.690099936444312334e-04
3.407461335882544518e-04
5.021521355956792831e-04
1.913242303999140859e-04
2.331420255359262228e-04
2.690099936444312334e-04
1.888798433355987072e-04
2.410510933259502053e-04
6.814922671765089035e-04
9.518403094261884689e-04
2.690099936444312334e-04
6.635580793954432011e-04
2.690099936444312334e-04
3.766141016967594624e-04
6.097562727518379688e-04
2.331420255359262228e-04
3.022237506229430437e-04
4.483500088099390268e-04
4.304159956518560648e-04
4.124821862205862999e-04
5.021521355956792831e-04
2.120080025633797050e-04
3.048781363759189844e-04
4.662840510718524456e-04
3.228120040148496628e-04
1.540771801955997944e-03
4.478196206036955118e-04
5.021521355956792831e-04
2.869441232178360224e-04
4.124821862205862999e-04
3.586800012271851301e-04
2.510760677978396416e-04
6.994260475039482117e-04
4.124821862205862999e-04
4.662840510718524456e-04
2.331420255359262228e-04
3.407461335882544518e-04
7.155231432989239693e-04
3.586800012271851301e-04
2.331420255359262228e-04
3.048781363759189844e-04
2.690099936444312334e-04
6.456240080296993256e-04
3.048781363759189844e-04
6.635580793954432011e-04
3.048781363759189844e-04
5.021521355956792831e-04
5.200862069614231586e-04
2.331420255359262228e-04
4.304159956518560648e-04
1.168787246569991112e-03
3.693267062772065401e-04
2.510760677978396416e-04
1.529517176095396280e-04
3.586800012271851301e-04
2.331420255359262228e-04
1.214994044858030975e-04
9.941823373083025217e-05
3.945479984395205975e-04
3.766141016967594624e-04
3.945479984395205975e-04
2.690099936444312334e-04
4.842180060222744942e-04
3.228120040148496628e-04
2.690099936444312334e-04
5.021521355956792831e-04
5.559541750699281693e-04
5.021521355956792831e-04
4.124821862205862999e-04
4.662840510718524456e-04
3.586800012271851301e-04
2.359991776756942272e-04
3.048781363759189844e-04
3.407461335882544518e-04
8.907588198781013489e-04
3.407461335882544518e-04
2.690099936444312334e-04
3.945479984395205975e-04
5.380199872888624668e-04
2.690099936444312334e-04
7.760743610560894012e-04
1.600756368134170771e-04
5.200862069614231586e-04
2.690099936444312334e-04
4.662840510718524456e-04
2.869441232178360224e-04
3.228120040148496628e-04
5.021521355956792831e-04
5.317035829648375511e-04
1.317573012784123421e-03
2.542528323829174042e-03
2.331420255359262228e-04
6.097562727518379688e-04
4.483500088099390268e-04
4.304159956518560648e-04
2.690099936444312334e-04
4.124821862205862999e-04
2.690099936444312334e-04
2.010633703321218491e-03
2.510760677978396416e-04
5.021521355956792831e-04
5.380199872888624668e-04
2.740523777902126312e-03
5.021521355956792831e-04
2.331420255359262228e-04
4.842180060222744942e-04
3.586800012271851301e-04
4.124821862205862999e-04
2.690099936444312334e-04
2.690099936444312334e-04
3.048781363759189844e-04
3.586800012271851301e-04
3.048781363759189844e-04
5.738882464356720448e-04
5.178472492843866348e-04
1.041626557707786560e-03
3.945479984395205975e-04
6.247805431485176086e-04
2.690099936444312334e-04
5.200862069614231586e-04
5.559541750699281693e-04
4.842180060222744942e-04
7.164915441535413265e-04
1.610552659258246422e-03
3.766141016967594624e-04
1.345888886135071516e-04
5.200862069614231586e-04
2.510760677978396416e-04
2.869441232178360224e-04
2.999084303155541420e-03
3.766141016967594624e-04
4.760268202517181635e-04
9.512677206657826900e-04
2.869441232178360224e-04
2.501122071407735348e-04
2.690099936444312334e-04
3.407461335882544518e-04
2.510760677978396416e-04
5.738882464356720448e-04
4.662840510718524456e-04
2.181016752729192376e-04
1.591161941178143024e-03
4.304159956518560648e-04
6.723541882820427418e-04
1.025432837195694447e-03
1.467028283514082432e-03
2.077929675579071045e-03
2.776098554022610188e-04
1.043771277181804180e-03
3.766141016967594624e-04
3.586800012271851301e-04
2.377554774284362793e-04
2.510760677978396416e-04
7.205455331131815910e-04
3.193128504790365696e-04
4.279028798919171095e-04
3.048781363759189844e-04
2.989251224789768457e-04
3.407461335882544518e-04
4.124821862205862999e-04
4.348457150626927614e-05
2.510760677978396416e-04
9.755404316820204258e-04
3.586800012271851301e-04
1.595722569618374109e-04
2.331420255359262228e-04
4.304159956518560648e-04
3.766141016967594624e-04
4.495613393373787403e-04
2.331420255359262228e-04
3.048781363759189844e-04
2.331420255359262228e-04
2.690099936444312334e-04
2.331420255359262228e-04
2.162177988793700933e-04
5.313719157129526138e-04
1.107899122871458530e-03
2.331420255359262228e-04
8.287782547995448112e-04
3.380090929567813873e-04
2.809908241033554077e-03
3.407461335882544518e-04
2.869441232178360224e-04
4.662840510718524456e-04
2.119545359164476395e-03
3.407461335882544518e-04
2.331420255359262228e-04
5.052412743680179119e-04
2.510760677978396416e-04
3.407461335882544518e-04
2.869441232178360224e-04
4.501942312344908714e-04
3.048781363759189844e-04
3.228120040148496628e-04
3.228120040148496628e-04
4.304159956518560648e-04
4.124821862205862999e-04
2.869441232178360224e-04
2.331420255359262228e-04
3.410003264434635639e-04
5.683118943125009537e-04
2.690099936444312334e-04
3.586800012271851301e-04
2.510760677978396416e-04
6.278393993852660060e-05
1.439576444681733847e-04
4.842180060222744942e-04
3.945479984395205975e-04
3.945479984395205975e-04
2.331420255359262228e-04
1.756464480422437191e-04
2.841018140316009521e-04
3.538799937814474106e-03
2.331420255359262228e-04
3.407461335882544518e-04
3.586800012271851301e-04
4.483500088099390268e-04
2.280917833559215069e-04
2.784968120977282524e-03
3.586800012271851301e-04
1.082934468286111951e-04
2.331420255359262228e-04
4.898927290923893452e-04
4.662840510718524456e-04
3.048781363759189844e-04
4.988536820746958256e-04
3.228120040148496628e-04
1.019699033349752426e-03
2.510760677978396416e-04
7.600979297421872616e-04
3.048781363759189844e-04
3.586800012271851301e-04
2.331420255359262228e-04
3.494667180348187685e-04
2.690099936444312334e-04
3.766141016967594624e-04
3.766141016967594624e-04
1.024663331918418407e-03
2.690099936444312334e-04
2.331420255359262228e-04
4.304159956518560648e-04
2.510760677978396416e-04
3.586800012271851301e-04
2.331420255359262228e-04
2.690099936444312334e-04
1.044441014528274536e-03
3.437984851188957691e-04
1.202416140586137772e-03
5.396451451815664768e-04
1.169011695310473442e-03
3.766141016967594624e-04
3.389565274119377136e-03
4.483500088099390268e-04
2.690099936444312334e-04
4.483500088099390268e-04
2.869441232178360224e-04
2.502359682694077492e-03
2.869441232178360224e-04
2.690099936444312334e-04
1.328275830019265413e-04
2.673887065611779690e-04
4.483500088099390268e-04
2.510760677978396416e-04
3.586800012271851301e-04
3.048781363759189844e-04
1.930519792949780822e-04
4.304159956518560648e-04
3.918204747606068850e-04
3.586800012271851301e-04
1.834083232097327709e-04
5.814753822050988674e-04
4.304159956518560648e-04
3.853659727610647678e-04
4.662840510718524456e-04
4.662840510718524456e-04
3.407461335882544518e-04
1.107640797272324562e-03
5.985113675706088543e-04
2.331420255359262228e-04
9.318797965534031391e-04
2.514682128094136715e-04
2.102729340549558401e-04
3.766141016967594624e-04
8.743873331695795059e-04
2.877235820051282644e-04
3.766141016967594624e-04
3.228120040148496628e-04
8.382982341572642326e-04
2.510760677978396416e-04
6.070141680538654327e-04
2.690099936444312334e-04
1.490141963586211205e-03
2.510760677978396416e-04
2.636860299389809370e-04
2.249175449833273888e-03
4.221287555992603302e-03
6.250871228985488415e-05
4.532818857114762068e-04
1.805509091354906559e-04
7.627933518961071968e-04
3.407461335882544518e-04
6.003518938086926937e-04
3.048781363759189844e-04
2.510760677978396416e-04
2.711595268920063972e-03
3.649680642411112785e-03
4.304159956518560648e-04
6.681436789222061634e-04
3.945479984395205975e-04
3.407461335882544518e-04
3.048781363759189844e-04
3.048781363759189844e-04
4.124821862205862999e-04
3.586800012271851301e-04
2.690099936444312334e-04
2.869441232178360224e-04
3.586800012271851301e-04
2.690099936444312334e-04
2.869441232178360224e-04
3.228120040148496628e-04
2.690099936444312334e-04
2.690099936444312334e-04
9.521717583993449807e-05
4.322432912886142731e-03
1.675119856372475624e-04
4.085212422069162130e-04
2.510760677978396416e-04
3.048781363759189844e-04
4.311425436753779650e-04
2.158645074814558029e-04
2.690099936444312334e-04
1.207440727739594877e-04
2.331420255359262228e-04
1.632044091820716858e-03
2.973187947645783424e-04
3.407461335882544518e-04
2.253118902444839478e-03
3.407461335882544518e-04
2.609273069538176060e-04
2.869441232178360224e-04
2.331420255359262228e-04
6.440393044613301754e-04
1.238952972926199436e-04
1.241156423930078745e-04
2.205841941758990288e-03
1.558107469463720918e-04
2.658254816196858883e-04
3.586800012271851301e-04
4.124821862205862999e-04
1.143583649536594748e-04
2.823257236741483212e-04
2.331420255359262228e-04
2.510760677978396416e-04
6.087445071898400784e-04
3.228120040148496628e-04
2.331420255359262228e-04
7.024236256256699562e-04
6.000204593874514103e-04
1.725350739434361458e-04
1.165101653896272182e-03
2.510760677978396416e-04
2.690099936444312334e-04
7.987834978848695755e-04
2.331420255359262228e-04
2.761785639449954033e-03
4.343942855484783649e-04
4.492738808039575815e-04
4.497528076171875000e-03
2.709066320676356554e-04
9.188185504171997309e-05
1.028350205160677433e-03
3.122604393865913153e-04
2.306046226294711232e-04
1.451302086934447289e-03
2.869441232178360224e-04
2.690099936444312334e-04
1.530845329398289323e-04
2.510760677978396416e-04
3.945479984395205975e-04
2.237196458736434579e-04
2.054586540907621384e-03
3.048781363759189844e-04
2.690099936444312334e-04
3.586800012271851301e-04
2.331420255359262228e-04
2.869441232178360224e-04
3.945479984395205975e-04
2.331420255359262228e-04
3.048781363759189844e-04
5.610193475149571896e-04
1.016298192553222179e-03
3.048781363759189844e-04
8.879048400558531284e-04
7.828469097148627043e-05
3.228120040148496628e-04
2.618732862174510956e-03
4.381395119708031416e-04
5.131919169798493385e-04
3.656543558463454247e-03
1.411390374414622784e-03
6.559520843438804150e-04
7.827216759324073792e-04
1.219686819240450859e-03
7.735671824775636196e-04
2.331420255359262228e-04
3.407461335882544518e-04
2.869441232178360224e-04
1.298830611631274223e-03
6.443788879550993443e-04
2.376885386183857918e-03
2.869441232178360224e-04
1.120613887906074524e-04
5.365242250263690948e-04
3.945479984395205975e-04
9.146030643023550510e-04
2.331420255359262228e-04
3.228120040148496628e-04
2.331420255359262228e-04
3.683943359646946192e-04
6.247120909392833710e-04
4.126949061173945665e-04
2.968487096950411797e-04
2.438176656141877174e-03
2.869441232178360224e-04
2.931986236944794655e-04
9.736706851981580257e-04
2.510760677978396416e-04
2.690099936444312334e-04
3.540484933182597160e-03
1.002084231004118919e-03
2.331420255359262228e-04
2.331420255359262228e-04
2.869441232178360224e-04
1.179894825327210128e-04
2.331420255359262228e-04
3.542992926668375731e-04
1.540926750749349594e-04
3.208794223610311747e-04
3.586800012271851301e-04
2.690099936444312334e-04
2.860323525965213776e-03
3.779907419811934233e-04
2.510760677978396416e-04
2.645089698489755392e-04
5.572351510636508465e-04
2.330123388674110174e-04
2.690099936444312334e-04
4.686171188950538635e-03
3.434968821238726377e-04
1.556529896333813667e-04
1.754307013470679522e-04
6.712187314406037331e-04
3.048781363759189844e-04
2.457808586768805981e-04
1.055525033734738827e-03
2.510760677978396416e-04
7.491039577871561050e-04
2.200391463702544570e-04
1.136075705289840698e-03
4.214065149426460266e-03
2.495786757208406925e-04
1.269891363335773349e-04
3.407461335882544518e-04
2.193197375163435936e-03
4.824641160666942596e-03
2.776686160359531641e-04
2.343454689253121614e-04
4.483343218453228474e-04
6.715787458233535290e-04
2.510760677978396416e-04
1.001415308564901352e-03
1.485741959186270833e-04
3.815505420789122581e-03
2.331420255359262228e-04
3.488691872917115688e-04
2.690099936444312334e-04
3.228120040148496628e-04
9.170654229819774628e-04
4.147448635194450617e-04
1.174364660982973874e-04
2.489593753125518560e-04
1.239677192643284798e-03
2.842417452484369278e-03
1.447857357561588287e-04
2.869441232178360224e-04
2.331420255359262228e-04
1.621701812837272882e-04
6.663539097644388676e-04
2.690099936444312334e-04
1.134001417085528374e-03
4.805094504263252020e-04
2.510760677978396416e-04
6.029055221006274223e-04
1.326927100308239460e-03
2.331420255359262228e-04
3.228120040148496628e-04
1.041094801621511579e-04
2.510760677978396416e-04
2.869441232178360224e-04
6.199276540428400040e-04
2.163705881685018539e-03
9.784755529835820198e-04
7.083700038492679596e-04
3.048781363759189844e-04
2.510760677978396416e-04
2.869441232178360224e-04
2.690099936444312334e-04
2.550358884036540985e-03
2.510760677978396416e-04
9.595380106475204229e-05
3.653629391919821501e-04
4.012321296613663435e-04
2.510760677978396416e-04
1.006507198326289654e-03
6.604237132705748081e-04
1.284180674701929092e-03
3.228120040148496628e-04
7.071426371112465858e-04
1.242536673089489341e-04
3.048781363759189844e-04
1.824459293857216835e-03
3.817044431343674660e-03
2.154732064809650183e-04
3.048781363759189844e-04
6.870499055366963148e-05
2.510760677978396416e-04
4.096623742952942848e-04
6.446507759392261505e-04
5.337388720363378525e-04
2.444284618832170963e-04
6.105448119342327118e-05
2.331420255359262228e-04
3.200379433110356331e-04
3.601445932872593403e-04
3.228120040148496628e-04
5.779315688414499164e-05
2.404074184596538544e-04
6.355396937578916550e-03
2.331420255359262228e-04
5.113024963065981865e-04
2.690099936444312334e-04
2.331420255359262228e-04
2.690099936444312334e-04
4.697221156675368547e-04
2.566739276517182589e-04
2.068437170237302780e-03
2.557565167080610991e-04
4.475542809814214706e-04
2.331420255359262228e-04
2.209224476246163249e-04
9.403824806213378906e-04
3.362839634064584970e-04
2.869441232178360224e-04
2.881583350244909525e-04
1.307363563682883978e-04
2.458470116835087538e-04
2.690099936444312334e-04
6.223291857168078423e-04
1.317166490480303764e-03
2.690099936444312334e-04
1.238867553183808923e-04
1.123409601859748363e-03
3.521115577314049006e-04
1.972663449123501778e-03
2.037813654169440269e-03
7.558193174190819263e-04
8.047907613217830658e-04
1.882457581814378500e-04
2.510760677978396416e-04
2.810100559145212173e-04
6.718375952914357185e-04
5.955451051704585552e-04
2.198787406086921692e-04
9.708427824079990387e-04
2.377872355282306671e-03
4.475050664041191339e-04
3.086094802711158991e-04
2.331420255359262228e-04
4.401257028803229332e-04
9.873662202153354883e-05
2.949480549432337284e-04
1.820815959945321083e-04
4.939006757922470570e-04
3.299162781331688166e-04
8.397743658861145377e-05
2.804461983032524586e-04
2.331420255359262228e-04
2.161600277759134769e-04
6.165498052723705769e-04
1.596239744685590267e-04
1.802099752239882946e-03
1.614624285139143467e-03
5.424521514214575291e-04
2.510760677978396416e-04
2.490951912477612495e-03
2.221541944891214371e-04
4.958495264872908592e-04
6.128188688308000565e-04
2.331420255359262228e-04
1.716500555630773306e-04
2.510760677978396416e-04
4.741953453049063683e-04
2.963362028822302818e-03
1.409908727509900928e-04
1.271043787710368633e-03
2.735378802753984928e-04
2.331420255359262228e-04
1.194451615447178483e-04
6.735402275808155537e-04
7.361051975749433041e-04
8.829336729831993580e-04
9.493093239143490791e-04
2.803663664963096380e-04
4.693055816460400820e-04
1.766912406310439110e-03
1.724014146020635962e-04
7.656429661437869072e-04
1.756333163939416409e-03
1.059551141224801540e-04
2.619532460812479258e-04
2.510760677978396416e-04
5.004784325137734413e-04
2.245161682367324829e-03
1.904865057440474629e-04
6.710367597406730056e-05
4.803673364222049713e-04
3.720350214280188084e-04
6.241741939447820187e-04
2.331420255359262228e-04
4.693361115641891956e-04
9.662402444519102573e-04
2.083401195704936981e-04
8.112921495921909809e-04
1.826448278734460473e-04
4.061361250933259726e-04
2.713614376261830330e-04
1.224036677740514278e-03
1.708689494989812374e-03
6.835193489678204060e-04
2.375458570895716548e-04
4.988527391105890274e-03
4.997692885808646679e-04
5.777119076810777187e-04
3.926556673832237720e-04
2.200202725362032652e-04
6.156771269161254168e-05
1.508306886535137892e-04
2.331420255359262228e-04
1.651193306315690279e-04
1.149880699813365936e-03
2.324479137314483523e-04
2.510760677978396416e-04
3.838609554804861546e-04
3.776442026719450951e-04
1.228973735123872757e-03
6.709676235914230347e-04
4.257372638676315546e-04
2.186399797210469842e-04
2.340450009796768427e-04
2.499867987353354692e-04
2.071471972158178687e-04
2.431691245874390006e-04
9.562451159581542015e-04
7.539037615060806274e-04
4.374269628897309303e-04
1.126901246607303619e-03
5.460669053718447685e-04
5.815932527184486389e-04
1.719400170259177685e-03
5.682367554982192814e-05
2.396532363491132855e-04
1.182385953143239021e-03
6.125328363850712776e-04
2.971462963614612818e-04
2.296563936397433281e-03
8.523057913407683372e-04
9.531073155812919140e-04
4.702591104432940483e-04
6.305550923570990562e-04
4.762044700328260660e-04
4.394010757096111774e-04
1.624653959879651666e-04
2.667475957423448563e-03
1.822640624595806003e-04
4.634229699149727821e-04
6.242656963877379894e-04
3.791068229475058615e-05
2.126080798916518688e-04
5.360369104892015457e-04
7.871570414863526821e-04
1.353269675746560097e-03
5.247590597718954086e-04
2.142397686839103699e-03
3.970429766923189163e-03
1.386176794767379761e-03
4.606537404470145702e-04
6.640926003456115723e-04
1.282053301110863686e-03
3.179326013196259737e-04
1.778351492248475552e-03
1.315457338932901621e-04
1.989102020161226392e-04
1.043472206220030785e-03
4.152918234467506409e-03
3.093420236837118864e-04
1.089638972189277411e-04
1.495416654506698251e-04
2.155686961486935616e-03
7.578663644380867481e-05
5.387439159676432610e-04
5.478578386828303337e-04
4.000342451035976410e-04
2.594118006527423859e-03
6.227530539035797119e-04
4.752401728183031082e-04
2.604278561193495989e-04
1.875678659416735172e-03
1.523688697488978505e-04
8.066984009929001331e-04
1.848707790486514568e-03
9.066751808859407902e-04
4.688189947046339512e-04
1.487237284891307354e-03
2.610924886539578438e-03
4.836222215089946985e-04
3.077014116570353508e-04
3.891435626428574324e-04
3.448489878792315722e-04
5.313900765031576157e-04
1.868976163677871227e-03
2.083377679809927940e-03
4.385831925901584327e-05
2.428315347060561180e-03
4.314724064897745848e-04
4.585589922498911619e-04
1.918464840855449438e-04
1.949244295246899128e-03
2.297110157087445259e-03
1.726802584016695619e-04
4.368542577140033245e-04
6.017333362251520157e-04
5.802744417451322079e-04
2.173471439164131880e-04
7.901915814727544785e-04
4.809625097550451756e-04
1.728376490063965321e-03
5.624937475658953190e-04
4.376254510134458542e-04
6.378763937391340733e-04
3.515069547574967146e-04
1.515185460448265076e-03
8.396225748583674431e-04
6.742586265318095684e-04
2.288756513735279441e-04
1.031200285069644451e-03
6.274842307902872562e-04
6.153121124953031540e-03
1.405869552399963140e-04
4.626550653483718634e-04
4.531453014351427555e-04
4.596363287419080734e-04
4.125394334550946951e-04
8.059333777055144310e-04
6.253152969293296337e-04
1.105359187931753695e-04
5.687430384568870068e-04
1.721535518299788237e-04
7.403879862977191806e-05
2.936097735073417425e-04
3.711714176461100578e-03
4.772878601215779781e-04
9.282365790568292141e-04
5.902871489524841309e-04
4.888699550065211952e-05
1.018548617139458656e-03
1.128729636548087001e-04
1.809059758670628071e-04
6.598023464903235435e-04
7.435102015733718872e-04
3.087781660724431276e-04
1.267580664716660976e-04
4.416512383613735437e-04
8.292397251352667809e-05
2.320726925972849131e-04
2.925521985162049532e-04
4.749923391500487924e-05
1.084161805920302868e-03
1.906811667140573263e-04
1.048884238116443157e-03
6.743127945810556412e-03
1.145181595347821712e-03
4.437655152287334204e-04
3.838223055936396122e-04
1.189976115711033344e-03
6.202049553394317627e-04
2.403248567134141922e-03
2.318491227924823761e-03
9.057240677066147327e-04
1.523954852018505335e-04
2.021619351580739021e-03
1.921260030940175056e-03
8.859355584718286991e-04
9.651657455833628774e-05
3.580963239073753357e-04
5.983077571727335453e-04
5.556304822675883770e-04
3.130879122181795537e-05
4.889217088930308819e-04
5.562145961448550224e-04
5.193494143895804882e-04
6.186912069097161293e-04
1.504471874795854092e-04
3.046162892132997513e-04
9.691528975963592529e-05
1.058713765814900398e-03
3.844838938675820827e-04
1.145143061876296997e-03
3.369674377609044313e-04
1.654088409850373864e-04
1.273940870305523276e-04
3.868355124723166227e-04
2.485866425558924675e-03
2.740305499173700809e-04
3.416155523154884577e-04
3.532171016559004784e-03
1.212390488944947720e-04
2.840755623765289783e-04
9.227363043464720249e-04
2.723691519349813461e-03
1.680469868006184697e-04
4.335775156505405903e-04
7.645855657756328583e-05
2.804992545861750841e-04
9.346427395939826965e-05
2.949692134279757738e-04
1.853905851021409035e-04
4.300232976675033569e-04
3.969458339270204306e-04
1.020231633447110653e-03
3.924313350580632687e-04
1.908765116240829229e-04
2.188197395298629999e-04
4.295034159440547228e-04
7.021018536761403084e-04
3.804130828939378262e-04
3.119197790510952473e-04
1.796508207917213440e-03
1.279942225664854050e-03
5.354521563276648521e-04
2.665373031049966812e-04
2.921740815509110689e-04
1.180053921416401863e-03
1.032311702147126198e-03
4.563321126624941826e-04
1.459241844713687897e-02
1.414062280673533678e-04
4.072893643751740456e-04
8.232605177909135818e-04
3.624958335421979427e-04
7.069957209751009941e-04
1.754088152665644884e-04
4.903711960650980473e-04
7.044686935842037201e-05
3.326255246065557003e-04
1.457458565710112453e-04
2.302223292645066977e-04
1.235764793818816543e-04
4.092798917554318905e-04
7.797542493790388107e-04
9.369135659653693438e-05
1.624565629754215479e-04
5.237142322584986687e-04
8.463957929052412510e-04
1.984842529054731131e-04
1.083101844415068626e-03
4.467009857762604952e-04
3.499136946629732847e-04
1.347429002635180950e-03
2.750920248217880726e-04
2.156766422558575869e-04
2.857930958271026611e-04
1.550877204863354564e-04
2.191045787185430527e-04
2.030242234468460083e-03
8.660986204631626606e-04
1.049912185408174992e-03
2.852568170055747032e-03
1.346850185655057430e-03
1.057603745721280575e-03
4.749140352942049503e-04
7.191343465819954872e-04
1.478920166846364737e-04
5.184893961995840073e-04
1.174616976641118526e-03
1.802857295842841268e-04
6.490718224085867405e-04
3.970130346715450287e-04
1.415412116330116987e-04
2.190075028920546174e-04
3.885088372044265270e-04
1.197759847855195403e-04
6.483768229372799397e-04
7.738792337477207184e-04
8.777667972026392817e-05
1.970812445506453514e-03
7.712870137766003609e-04
1.304046454606577754e-04
6.034184712916612625e-03
1.585307909408584237e-04
1.132414443418383598e-03
2.050409791991114616e-03
5.258454475551843643e-04
1.751016126945614815e-03
9.626857936382293701e-04
3.967918164562433958e-04
8.420801605097949505e-04
1.016894748318009079e-04
1.093217288143932819e-03
3.905036428477615118e-04
2.226600772701203823e-04
1.933060702867805958e-03
1.691789511824026704e-04
6.254340405575931072e-04
