2.530447172161185386e-03
6.695505106770563777e-03
1.762773883196667307e-03
6.316892120588574557e-05
1.138600471737545106e-03
3.744151846487326664e-03
5.457800378694986024e-04
1.715849676308663183e-04
7.523705744797589377e-04
1.327716874612976713e-03
4.335921730082202769e-04
1.668259113827867549e-03
1.290259386932893042e-03
3.621551128622186666e-04
3.933003672558622421e-04
2.395526242504105049e-04
3.421057460684549453e-03
3.248087522986523533e-04
5.322854959776856425e-04
2.699521670367394815e-04
1.873631372145099627e-03
4.946658160767018015e-04
3.552290549908195525e-04
3.506906068554882430e-04
4.475562337235076114e-04
1.767268692055488010e-03
5.611346563354291730e-04
3.936322938274344849e-04
2.860729638208393041e-03
8.314604594022179931e-04
1.328501857221082473e-03
2.170071043838847028e-03
6.857237959980791442e-04
2.839833239028294386e-04
2.255862673439429139e-04
1.845884506447466864e-04
4.381763774306881849e-04
1.653859537410373075e-03
1.440926459081392401e-03
2.972102077865758775e-04
9.872066880279601470e-04
2.446319452643118918e-03
4.720677105163207515e-03
3.733115706507704728e-03
5.088292488725300149e-03
9.614798679435903727e-04
1.933973599869202560e-03
1.160021443359796805e-03
1.330299874015334347e-03
2.990290823487878197e-03
2.498893229519803631e-04
5.568358184514240507e-03
8.838324225432158884e-04
1.766205532986622143e-03
4.643798525593978150e-04
4.049463642089643606e-04
2.954288477146549061e-03
1.248350760655570499e-03
1.903906892266542033e-03
2.723810948161620085e-03
3.858063033291676391e-03
5.154343667280258208e-04
1.937955602475841237e-03
4.414372875214157832e-04
1.337826813444674759e-03
5.928637345103234457e-04
7.944812917865993161e-04
5.550100889735444477e-04
8.073720013166670116e-05
1.811272377057765708e-03
2.962755948353308177e-04
8.346942831779786531e-04
4.014485890190689211e-04
9.865908348712384111e-04
2.057021055864982802e-03
1.538781099838412193e-03
6.275767760844239629e-04
5.217117840584533685e-03
3.935330687792375041e-03
9.380744723040830004e-04
8.358694036805900838e-04
6.331305633124681550e-04
1.055176816688024617e-03
1.165700665611569262e-04
2.672841650848932493e-04
3.261203348894785086e-04
5.274878986392710556e-04
6.570440884191282999e-03
4.234948345854064886e-04
5.170811377923146754e-03
2.010669485989956750e-04
9.095769859210805011e-04
9.262147480169280944e-04
1.893261123688359067e-03
1.411263287196671016e-03
6.488499928897332753e-04
1.902478288471791791e-03
1.939199089258870218e-03
6.383258668536833692e-04
2.232509364157742732e-03
1.001951651461650307e-03
2.170487854160033092e-03
6.293358840071440127e-03
4.646096483515218048e-03
2.466191324825582946e-04
4.964569504506881423e-04
3.584369403423658313e-04
7.274876153323467853e-04
3.405316822478203953e-04
1.079617249332812589e-03
7.155036452058263037e-04
2.056541309088893640e-03
1.111247652623418951e-03
1.730208332548892943e-03
4.668975700712056534e-04
3.904108321866325902e-04
1.623462808210420242e-03
5.342123795113391848e-04
1.556456694996415351e-03
1.127034797929012859e-03
2.766725747912322179e-03
4.895822031769466376e-04
4.176012503154826611e-03
7.837605534903927668e-03
1.160590527789754527e-04
8.416021422062937209e-04
3.352263708507430100e-04
1.416267851826857448e-03
1.114665046389168258e-03
5.034581185884776967e-03
6.776311411930123832e-03
1.240533064263839302e-03
1.767884159394481557e-04
8.025401634252700422e-03
3.110171809345178232e-04
7.584957149891877366e-04
8.004963977744996868e-04
4.007926199836129720e-04
2.241838393730429728e-04
3.030193590508226988e-03
5.520276795972132132e-04
4.183334801556792652e-03
4.844601138072144458e-04
1.195778805205734326e-03
2.300346769390151783e-04
2.304437773185197887e-04
4.095556397385204800e-03
2.892916421921580181e-04
4.935544456605815700e-04
2.123275867754372687e-04
5.241902480944796465e-04
1.130247511475143728e-03
1.304180249309987421e-03
1.114049745944745411e-03
3.203434816062315175e-04
2.163228057631194634e-03
1.483090194546153118e-03
5.127768793967130319e-03
8.065338316006359122e-04
8.341605870697640273e-04
8.350497902055871099e-03
5.029885727339775429e-04
1.705957671516164856e-04
1.909323664610804421e-03
5.797696339230161292e-04
4.281603984178968935e-04
2.694612417243378178e-03
2.842299413385165137e-04
4.153771872685538312e-04
3.814722111786855371e-03
1.041636835342059928e-03
1.886946806248102591e-03
1.648560662144361779e-03
1.453501026934426532e-04
4.862165145012839300e-03
8.134875627188115424e-04
9.528363311288115273e-04
6.789053595615435199e-03
2.620508810947256954e-03
1.217897219555645920e-03
1.453268441146096180e-03
2.264575503019406952e-03
1.436271483496768912e-03
2.411520908985792782e-03
1.196409346873043801e-03
4.413130327227746119e-03
2.080628253475129777e-04
9.961570979621805870e-04
1.698130808386362793e-03
6.839926284781216699e-04
1.159894269084420183e-03
7.662448635346211061e-04
5.511549192077423547e-04
4.526928410055311262e-03
5.443778549843228919e-04
1.807800873855843621e-03
6.573568910603259582e-03
1.860555987921875013e-03
2.190694412661101445e-04
6.578225956233524699e-04
2.861017547620485187e-04
5.957723512106295359e-04
5.310723241018980648e-03
7.018101872174138580e-04
4.911101436350715074e-04
1.034610744131444658e-03
4.326307619727770126e-04
8.700748936913187126e-03
6.377659395581350595e-04
2.889987306153141795e-04
3.257197428827870544e-04
1.246242516742179481e-03
4.563379167328327846e-04
1.959778543152117160e-03
1.390850843915136890e-03
4.085436273242057468e-04
2.109336043785686298e-03
7.824196605731581489e-03
4.633892784263451622e-04
2.357789849074205584e-04
4.072078911867184001e-03
8.957844360968945235e-03
5.155434406979842159e-04
4.351060021007425852e-04
8.324161395299880346e-04
1.246910851843265142e-03
1.859313917398212109e-03
2.758556499674786906e-04
7.084195954129594505e-03
6.477405835494993601e-04
1.702702578550321314e-03
7.700510339246714525e-04
2.180426590265447588e-04
4.622394207228208165e-04
2.301691263615791329e-03
5.277477019144465563e-03
2.688216736604008800e-04
3.010991267341897506e-04
1.237210002079779363e-03
2.105484626290040576e-03
8.921552012367431426e-04
1.119406257723578463e-03
2.463687103184545972e-03
1.932986197739674497e-04
1.151011060790863624e-03
4.017322882689593547e-03
1.816721965511955634e-03
1.315220677493678970e-03
4.735216064541589512e-03
1.781560811399994027e-04
6.783643133506582316e-04
7.449621505535401755e-04
1.868768054581255783e-03
1.226199595360696155e-03
2.384320397563048123e-03
1.312941947008946933e-03
2.307000503238233117e-04
3.387448221662659516e-03
7.087053395638219511e-03
4.000661009429908651e-04
1.275636093055611091e-04
7.606144368174588919e-04
1.196914105179273805e-03
9.909855336400223615e-04
4.538269507802656093e-04
1.133590094452301443e-04
5.942099996900176723e-04
6.686754619288067056e-04
1.073037489983077650e-04
4.463611042557039956e-04
1.179997748302011665e-02
9.493282689480455174e-04
8.721265592519868203e-04
4.765628986841363127e-04
3.840438712772182694e-03
4.748595597761369577e-04
8.309678217820242125e-04
4.101836542431942876e-04
1.745995110852338779e-03
6.243737715106223224e-04
5.350195623491050753e-04
2.427363721572833313e-04
4.564607361504246391e-04
1.155469912618443170e-03
2.445564771325734518e-03
2.300188128950674947e-04
2.085818943498617909e-03
6.537606235483578877e-04
3.662616700819305848e-03
3.783580358082277301e-03
1.403319160529598606e-03
1.494243893955339792e-03
3.495132819636770426e-04
5.217474541106527581e-04
1.247391518196338742e-03
1.105740330717168733e-03
4.082457999132683871e-04
1.802550279315084502e-03
4.414962579383956316e-03
8.308764548300967947e-04
5.729909063298219574e-04
8.171752736884382948e-04
1.833229242780549213e-04
5.476259150668244405e-04
3.380683683680913636e-04
9.170184928393319748e-04
6.125509996326775324e-04
1.559197424058727220e-04
5.207005995577665240e-04
4.013413215515922020e-04
1.144739395798599060e-03
2.963716096952040174e-04
3.345933551445457593e-03
2.997850567392365984e-03
1.007163393952068171e-03
4.624915602908696334e-03
4.124705919043894476e-04
9.206369523233978334e-04
1.137812326709992158e-03
3.187002693148686863e-04
8.804318832969985735e-04
5.502032841861428242e-03
2.617757861688442241e-04
2.359929316046689447e-03
5.078740097807362894e-04
2.217721787452419052e-04
1.250552851427982415e-03
1.366716369561715456e-03
1.639330633542057181e-03
1.762569405405845033e-03
5.205523103895840159e-04
8.713531648031653132e-04
3.280601811504881699e-03
3.200953056822727384e-04
1.421558686019722649e-03
3.260959388875707150e-03
1.967253967427586524e-04
4.863649533187148566e-04
9.292313287020995908e-04
4.168560939831371555e-03
3.536736365382235929e-04
1.245904618573118335e-04
8.918913940009478777e-04
6.907522398510172919e-04
1.158895568103585939e-03
8.714098495638957593e-04
1.794004779368043928e-03
3.868222029891149280e-04
1.506314801540844465e-03
3.391141032477573551e-04
7.540673165611026102e-04
5.038330097385447948e-04
2.272651917626705622e-03
3.172500048726653327e-03
1.269080852108843459e-03
4.410480911356393823e-04
9.262129541737522051e-03
9.279146741841248205e-04
1.072629698524587855e-03
7.290383299154938991e-04
4.085085705183485734e-04
1.143119233894235282e-04
2.800452476661246756e-04
3.065747720568416852e-04
2.134967543305630721e-03
4.315828328813383491e-04
7.127092998136647355e-04
7.011667207174833352e-04
2.281818539482195155e-03
1.245776309097131442e-03
7.904604547137508014e-04
4.059458069020513643e-04
4.345480977525691558e-04
4.641470138165548201e-04
3.846073297652899707e-04
4.514887442003102610e-04
1.775447102606370325e-03
1.399762726580634558e-03
8.121645588623317225e-04
2.092301745832155987e-03
1.013874906125635791e-03
1.079836166469514422e-03
3.192386328821175331e-03
1.055037257270351306e-04
4.449608502844084159e-04
2.195319596160365261e-03
1.137281220265250452e-03
5.517073905822755288e-04
4.263998549110760081e-03
1.582464271612443914e-03
1.769621213364381369e-03
8.731236152597082615e-04
1.170742895911534203e-03
8.841622246604677153e-04
8.158299187387258421e-04
3.016472335450585572e-04
4.952665515741684794e-03
3.384071381187884748e-04
8.604310267983157796e-04
1.159065443608081180e-03
7.038824195890556600e-05
3.947464693196284257e-04
9.952522634354581989e-04
1.461503617683694405e-03
2.512596972901888145e-03
9.743128645634387087e-04
3.977760409235924985e-03
7.371841789277789464e-03
2.573695319938283741e-03
8.552894214980373902e-04
1.233011454005260472e-03
2.380370593224863905e-03
5.903010720474103539e-04
3.301840603669653224e-03
2.442391450459465980e-04
3.693138057658220861e-04
1.937400432645354151e-03
7.710665670189400731e-03
5.743510343147453442e-04
2.023117531110297238e-04
2.776519380399571405e-04
4.002434098445256314e-03
1.407119956256763468e-04
1.000278366398222587e-03
1.017200064486498612e-03
7.427380188042687461e-04
4.816462922583877870e-03
1.156257019047091539e-03
8.823718359025728127e-04
4.835327764804633736e-04
3.482546479197401370e-03
2.829011541438064504e-04
1.497785657869429247e-03
3.432470177238321207e-03
1.683411149537333579e-03
8.704496771383318700e-04
2.761332691752153411e-03
4.847667910304385638e-03
8.979346448725787026e-04
5.713049321595646155e-04
7.225174573184679197e-04
6.402763741561734445e-04
9.866246801791265283e-04
3.470101992925354092e-03
3.868178311202216668e-03
8.143113352124429984e-05
4.508619265054337154e-03
8.011088484594190706e-04
8.514001413309116957e-04
3.561986993991013038e-04
3.619134950104142909e-03
4.265012662782002341e-03
3.206130474246422584e-04
8.111012062216038654e-04
1.117229960627284715e-03
1.077387453091148764e-03
4.035454142492102920e-04
1.467137752291818769e-03
8.929964646597471616e-04
3.209052507135690211e-03
1.044374252796118931e-03
8.125331008392813097e-04
1.184336253845754555e-03
6.526380776580166087e-04
2.813223673332020027e-03
1.558915581199861585e-03
1.251886599248229395e-03
4.249502249940336602e-04
1.914615234169267247e-03
1.165041212136066215e-03
1.142441449515267139e-02
2.610258662613413748e-04
8.590052496623968008e-04
8.413485935748089969e-04
8.534004124290909144e-04
7.659562499777058898e-04
1.496365251696991309e-03
1.161014197324325425e-03
2.052305037859166684e-04
1.055977325061991040e-03
3.196351151687723308e-04
1.374668121526650673e-04
5.451411725387711026e-04
6.891488037019001880e-03
8.861737242034837224e-04
1.723443918687711258e-03
1.095977911827496470e-03
9.076780290363743579e-05
1.891124946184459662e-03
2.095696687769385850e-04
3.358856300392679497e-04
1.225045829817550521e-03
1.380465104572380043e-03
5.733041252442315017e-04
2.353499419270826498e-04
8.200076802147308799e-04
1.539637851858763763e-04
4.308861340563460555e-04
5.431775976982598569e-04
8.819117218347271702e-05
2.012948315122559204e-03
3.540350992067228548e-04
1.947448717700712723e-03
1.251987200584953920e-02
2.126242623399383306e-03
8.239332545253300662e-04
7.126375319826642064e-04
2.209412261678439775e-03
1.151525927027558915e-03
4.462078271501456264e-03
4.304710206543185987e-03
1.681645315384194296e-03
2.829505970997453186e-04
3.753512472143514904e-03
3.567176943746928289e-03
1.644904231021714980e-03
1.792009905791310833e-04
6.648724699147326141e-04
1.110869680786266559e-03
1.031631365887986443e-03
5.813060300695793210e-05
9.077742220772924003e-04
1.032715871821327826e-03
9.642688878937521243e-04
1.148715405854391783e-03
2.793331995038432318e-04
5.655768137983861353e-04
1.799412688112417432e-04
1.965699340982184767e-03
7.138659090532840880e-04
2.126171350745442723e-03
6.256428012969211068e-04
3.071122816799943893e-04
2.365308333587643342e-04
7.182321567092186986e-04
4.615473752647723804e-03
5.087887461076470545e-04
6.342729017096434370e-04
6.558132755566170764e-03
2.251028609130001237e-04
5.274391546466563642e-04
1.713231620626161095e-03
5.057040107106084911e-03
3.120104924521300074e-04
8.050173357252159590e-04
1.419595343524997623e-04
5.207991029816281744e-04
1.735338148775881974e-04
5.476652044167790992e-04
3.442121233622797457e-04
7.984183312218188101e-04
7.370038178455119802e-04
1.894249813449549232e-03
7.286218101293479802e-04
3.543977826429729468e-04
4.062795880904004377e-04
7.974530541943302808e-04
1.303582779235651226e-03
7.063077266999653794e-04
5.791371467424974613e-04
3.335551839192769930e-03
2.376450832879171884e-03
9.941665934384690418e-04
4.948761340168953424e-04
5.424755384819984110e-04
2.190989697628040796e-03
1.916678859425607071e-03
8.472654976060937405e-04
2.709354084072644608e-02
2.625469893161255525e-04
7.562085207424635485e-04
1.528536336240433760e-03
6.730409825154097091e-04
1.312669075842401618e-03
3.256791031176697816e-04
9.104654575403408516e-04
1.307977152236622115e-04
6.175811994352490989e-04
2.706042896544236828e-04
4.274505928339061064e-04
2.294427263655477096e-04
7.599042683201807924e-04
1.447758888112290684e-03
1.739554365822918271e-04
3.016308594040176738e-04
9.723729684368082786e-04
1.571491341916135976e-03
3.685229381238035000e-04
2.010980255411037258e-03
8.293835045531444336e-04
6.496799242114038170e-04
2.501752663813895661e-03
5.107595339828312122e-04
4.004438277396566034e-04
5.306280802489480057e-04
2.879492325763598811e-04
4.068084266962875548e-04
3.769522419980241967e-03
1.608073298684271771e-03
1.949357400879771305e-03
5.296323921356383031e-03
2.500677934701432334e-03
1.963638219676115161e-03
8.817663225850469726e-04
1.335206807781273534e-03
2.745890551892868391e-04
9.626721128865477943e-04
2.180895008458145178e-03
3.347339981653554733e-04
1.205122674462388160e-03
7.371285825382281392e-04
2.627976182256058519e-04
4.066281914481859961e-04
7.213389437157336761e-04
2.223864193276369665e-04
1.203832224951281943e-03
1.436850924697036973e-03
1.629737442619728926e-04
3.659179854067620263e-03
1.432037966818300269e-03
2.421205034148272593e-04
1.120358705690159724e-02
2.943419190342136870e-04
2.102538252365113765e-03
3.806967330000657519e-03
9.763298838387248196e-04
3.251087348616044613e-03
1.787405337919507637e-03
7.367178288570310927e-04
1.563478539181256373e-03
1.888054418805040085e-04
2.029761441667051174e-03
7.250427354375649745e-04
4.134098705646775283e-04
3.589086851645542729e-03
3.141122137077359869e-04
1.161234700279151428e-03
