1.409732550382614136e-02
1.334461569786071777e-02
1.411322783678770065e-02
1.642137579619884491e-02
1.425616629421710968e-02
1.258113328367471695e-02
1.433542463928461075e-02
1.313455775380134583e-02
1.183912530541419983e-02
1.311836577951908112e-02
1.084816735237836838e-02
4.770682659000158310e-03
1.016334164887666702e-02
9.973001666367053986e-03
1.059266179800033569e-02
5.142527166754007339e-03
9.554520249366760254e-03
3.494274336844682693e-03
6.742469500750303268e-03
3.784392261877655983e-03
3.381093731150031090e-03
1.716627040877938271e-03
2.965355757623910904e-03
2.337052952498197556e-03
3.174927551299333572e-03
1.954972743988037109e-03
2.871025586500763893e-03
1.635357155464589596e-03
2.583181485533714294e-03
2.109865890815854073e-03
1.716627040877938271e-03
3.539289347827434540e-03
1.980996225029230118e-03
2.386779524385929108e-03
2.058560959994792938e-03
1.876374706625938416e-03
3.244011197239160538e-03
3.426478244364261627e-03
2.704042941331863403e-03
1.902664196677505970e-03
1.716627040877938271e-03
3.828525077551603317e-03
6.449004285968840122e-04
1.928862300701439381e-03
2.337052952498197556e-03
2.135401125997304916e-03
2.109865890815854073e-03
1.849993015639483929e-03
1.876374706625938416e-03
7.128182915039360523e-04
2.534440951421856880e-03
1.122836954891681671e-03
2.361949533224105835e-03
1.525392988696694374e-03
1.876374706625938416e-03
1.716627040877938271e-03
1.092793652787804604e-03
2.211557002738118172e-03
2.261963207274675369e-03
1.152680721133947372e-03
2.361949533224105835e-03
1.497594988904893398e-03
1.441606902517378330e-03
2.006933558732271194e-03
2.236796310171484947e-03
1.608043909072875977e-03
2.312090946361422539e-03
1.356583787128329277e-03
2.558840205892920494e-03
1.580614480189979076e-03
2.186245052143931389e-03
1.876374706625938416e-03
2.006933558732271194e-03
8.441024692729115486e-04
1.580614480189979076e-03
1.876374706625938416e-03
1.928862300701439381e-03
1.876374706625938416e-03
1.241088844835758209e-03
1.553064910694956779e-03
9.392660576850175858e-04
1.689645694568753242e-03
1.796944299712777138e-03
1.743501168675720692e-03
1.525392988696694374e-03
1.032073516398668289e-03
1.608043909072875977e-03
1.743501168675720692e-03
2.460886491462588310e-03
1.662556664086878300e-03
1.796944299712777138e-03
7.128182915039360523e-04
1.441606902517378330e-03
2.032788004726171494e-03
1.152680721133947372e-03
1.270205946639180183e-03
7.791528478264808655e-04
1.385068870149552822e-03
1.469667884521186352e-03
1.770273433066904545e-03
2.160861156880855560e-03
1.270205946639180183e-03
1.270205946639180183e-03
4.285620525479316711e-04
1.270205946639180183e-03
1.525392988696694374e-03
1.743501168675720692e-03
1.662556664086878300e-03
5.031920154578983784e-04
1.635357155464589596e-03
1.525392988696694374e-03
1.270205946639180183e-03
1.876374706625938416e-03
1.413408201187849045e-03
9.078246075659990311e-04
1.032073516398668289e-03
1.385068870149552822e-03
9.392660576850175858e-04
1.182332867756485939e-03
2.109865890815854073e-03
1.413408201187849045e-03
1.928862300701439381e-03
1.553064910694956779e-03
8.117898250930011272e-04
1.441606902517378330e-03
1.413408201187849045e-03
1.413408201187849045e-03
1.553064910694956779e-03
1.001378404907882214e-03
7.461695349775254726e-04
1.152680721133947372e-03
1.385068870149552822e-03
1.001378404907882214e-03
1.876374706625938416e-03
5.394666804932057858e-04
9.392660576850175858e-04
1.182332867756485939e-03
1.001378404907882214e-03
2.006933558732271194e-03
1.770273433066904545e-03
8.117898250930011272e-04
1.928862300701439381e-03
9.704466210678219795e-04
1.356583787128329277e-03
7.128182915039360523e-04
1.182332867756485939e-03
1.122836954891681671e-03
1.001378404907882214e-03
8.117898250930011272e-04
9.078246075659990311e-04
4.285620525479316711e-04
8.761081844568252563e-04
1.211799797601997852e-03
1.211799797601997852e-03
5.751408752985298634e-04
1.032073516398668289e-03
1.122836954891681671e-03
9.078246075659990311e-04
1.001378404907882214e-03
1.689645694568753242e-03
1.796944299712777138e-03
1.413408201187849045e-03
5.031920154578983784e-04
6.102700717747211456e-04
9.078246075659990311e-04
1.001378404907882214e-03
1.211799797601997852e-03
1.211799797601997852e-03
1.580614480189979076e-03
1.032073516398668289e-03
6.102700717747211456e-04
1.770273433066904545e-03
8.117898250930011272e-04
3.900241863448172808e-04
2.240101748611778021e-04
8.761081844568252563e-04
1.001378404907882214e-03
5.751408752985298634e-04
6.102700717747211456e-04
5.031920154578983784e-04
9.392660576850175858e-04
9.392660576850175858e-04
8.117898250930011272e-04
8.117898250930011272e-04
1.469667884521186352e-03
1.152680721133947372e-03
1.092793652787804604e-03
1.779576559783890843e-04
1.270205946639180183e-03
9.392660576850175858e-04
9.704466210678219795e-04
7.461695349775254726e-04
5.031920154578983784e-04
1.122836954891681671e-03
1.497594988904893398e-03
1.062541967257857323e-03
1.152680721133947372e-03
3.900241863448172808e-04
1.032073516398668289e-03
1.413408201187849045e-03
9.392660576850175858e-04
1.327947597019374371e-03
8.761081844568252563e-04
1.441606902517378330e-03
8.441024692729115486e-04
9.704466210678219795e-04
1.469667884521186352e-03
4.662508144974708557e-04
5.751408752985298634e-04
1.032073516398668289e-03
1.152680721133947372e-03
7.791528478264808655e-04
9.704466210678219795e-04
1.270205946639180183e-03
1.441606902517378330e-03
1.441606902517378330e-03
9.078246075659990311e-04
6.102700717747211456e-04
1.032073516398668289e-03
1.092793652787804604e-03
8.117898250930011272e-04
1.032073516398668289e-03
1.441606902517378330e-03
1.413408201187849045e-03
1.182332867756485939e-03
1.182332867756485939e-03
5.751408752985298634e-04
9.392660576850175858e-04
8.441024692729115486e-04
7.791528478264808655e-04
1.356583787128329277e-03
1.062541967257857323e-03
7.461695349775254726e-04
1.211799797601997852e-03
1.299156690947711468e-03
3.505079366732388735e-04
7.791528478264808655e-04
1.270205946639180183e-03
1.385068870149552822e-03
1.211799797601997852e-03
6.449004285968840122e-04
1.182332867756485939e-03
1.211799797601997852e-03
6.790718762204051018e-04
1.497594988904893398e-03
8.117898250930011272e-04
1.299156690947711468e-03
8.761081844568252563e-04
6.102700717747211456e-04
1.441606902517378330e-03
1.356583787128329277e-03
1.299156690947711468e-03
1.032073516398668289e-03
6.102700717747211456e-04
9.704466210678219795e-04
1.385068870149552822e-03
4.285620525479316711e-04
4.285620525479316711e-04
1.270205946639180183e-03
1.092793652787804604e-03
1.270205946639180183e-03
3.098424058407545090e-04
1.299156690947711468e-03
6.102700717747211456e-04
9.392660576850175858e-04
8.441024692729115486e-04
1.092793652787804604e-03
1.270205946639180183e-03
1.327947597019374371e-03
8.761081844568252563e-04
7.461695349775254726e-04
6.102700717747211456e-04
5.394666804932057858e-04
8.441024692729115486e-04
9.078246075659990311e-04
9.704466210678219795e-04
6.102700717747211456e-04
1.211799797601997852e-03
7.128182915039360523e-04
1.327947597019374371e-03
1.062541967257857323e-03
4.662508144974708557e-04
5.031920154578983784e-04
5.031920154578983784e-04
3.900241863448172808e-04
9.392660576850175858e-04
5.751408752985298634e-04
3.505079366732388735e-04
1.062541967257857323e-03
6.449004285968840122e-04
7.791528478264808655e-04
1.062541967257857323e-03
4.285620525479316711e-04
5.751408752985298634e-04
6.449004285968840122e-04
3.098424058407545090e-04
5.031920154578983784e-04
1.356583787128329277e-03
4.662508144974708557e-04
6.449004285968840122e-04
1.327947597019374371e-03
6.449004285968840122e-04
8.441024692729115486e-04
1.241088844835758209e-03
5.751408752985298634e-04
4.285620525479316711e-04
9.704466210678219795e-04
9.392660576850175858e-04
9.078246075659990311e-04
1.062541967257857323e-03
3.505079366732388735e-04
7.128182915039360523e-04
1.001378404907882214e-03
7.461695349775254726e-04
4.662508144974708557e-04
5.394666804932057858e-04
1.062541967257857323e-03
6.790718762204051018e-04
9.078246075659990311e-04
8.117898250930011272e-04
6.102700717747211456e-04
1.385068870149552822e-03
9.078246075659990311e-04
1.001378404907882214e-03
5.751408752985298634e-04
7.791528478264808655e-04
3.505079366732388735e-04
8.117898250930011272e-04
5.751408752985298634e-04
7.128182915039360523e-04
6.449004285968840122e-04
1.299156690947711468e-03
7.128182915039360523e-04
1.327947597019374371e-03
7.128182915039360523e-04
1.062541967257857323e-03
1.092793652787804604e-03
5.751408752985298634e-04
9.392660576850175858e-04
3.505079366732388735e-04
1.779576559783890843e-04
6.102700717747211456e-04
4.662508144974708557e-04
8.117898250930011272e-04
5.751408752985298634e-04
3.505079366732388735e-04
3.900241863448172808e-04
8.761081844568252563e-04
8.441024692729115486e-04
8.761081844568252563e-04
6.449004285968840122e-04
1.032073516398668289e-03
7.461695349775254726e-04
6.449004285968840122e-04
1.062541967257857323e-03
1.152680721133947372e-03
1.062541967257857323e-03
9.078246075659990311e-04
1.001378404907882214e-03
8.117898250930011272e-04
5.394666804932057858e-04
7.128182915039360523e-04
7.791528478264808655e-04
5.394666804932057858e-04
7.791528478264808655e-04
6.449004285968840122e-04
8.761081844568252563e-04
1.122836954891681671e-03
6.449004285968840122e-04
5.031920154578983784e-04
3.900241863448172808e-04
1.092793652787804604e-03
6.449004285968840122e-04
1.001378404907882214e-03
6.790718762204051018e-04
7.461695349775254726e-04
1.062541967257857323e-03
3.098424058407545090e-04
4.662508144974708557e-04
3.505079366732388735e-04
5.751408752985298634e-04
1.241088844835758209e-03
9.704466210678219795e-04
9.392660576850175858e-04
6.449004285968840122e-04
9.078246075659990311e-04
6.449004285968840122e-04
5.394666804932057858e-04
6.102700717747211456e-04
1.062541967257857323e-03
1.122836954891681671e-03
3.098424058407545090e-04
1.062541967257857323e-03
5.751408752985298634e-04
1.032073516398668289e-03
8.117898250930011272e-04
9.078246075659990311e-04
6.449004285968840122e-04
6.449004285968840122e-04
7.128182915039360523e-04
8.117898250930011272e-04
7.128182915039360523e-04
1.182332867756485939e-03
2.677908923942595720e-04
4.285620525479316711e-04
8.761081844568252563e-04
5.031920154578983784e-04
6.449004285968840122e-04
1.092793652787804604e-03
1.152680721133947372e-03
1.032073516398668289e-03
3.505079366732388735e-04
5.394666804932057858e-04
8.441024692729115486e-04
4.662508144974708557e-04
1.092793652787804604e-03
6.102700717747211456e-04
6.790718762204051018e-04
3.900241863448172808e-04
8.441024692729115486e-04
3.098424058407545090e-04
3.505079366732388735e-04
6.790718762204051018e-04
3.505079366732388735e-04
6.449004285968840122e-04
7.791528478264808655e-04
6.102700717747211456e-04
1.182332867756485939e-03
1.001378404907882214e-03
4.662508144974708557e-04
2.677908923942595720e-04
9.392660576850175858e-04
3.098424058407545090e-04
5.031920154578983784e-04
3.900241863448172808e-04
5.394666804932057858e-04
3.900241863448172808e-04
3.900241863448172808e-04
8.441024692729115486e-04
8.117898250930011272e-04
2.240101748611778021e-04
6.102700717747211456e-04
4.662508144974708557e-04
4.662508144974708557e-04
3.505079366732388735e-04
7.128182915039360523e-04
1.779576559783890843e-04
7.791528478264808655e-04
9.078246075659990311e-04
3.900241863448172808e-04
6.102700717747211456e-04
5.031920154578983784e-04
8.117898250930011272e-04
3.098424058407545090e-04
5.751408752985298634e-04
9.392660576850175858e-04
8.441024692729115486e-04
2.240101748611778021e-04
5.751408752985298634e-04
7.128182915039360523e-04
5.751408752985298634e-04
6.449004285968840122e-04
5.751408752985298634e-04
5.394666804932057858e-04
5.394666804932057858e-04
3.900241863448172808e-04
5.751408752985298634e-04
4.285620525479316711e-04
4.662508144974708557e-04
5.031920154578983784e-04
7.791528478264808655e-04
6.790718762204051018e-04
1.001378404907882214e-03
4.662508144974708557e-04
7.791528478264808655e-04
5.751408752985298634e-04
4.285620525479316711e-04
6.102700717747211456e-04
7.791528478264808655e-04
6.790718762204051018e-04
5.394666804932057858e-04
7.128182915039360523e-04
7.461695349775254726e-04
7.461695349775254726e-04
9.392660576850175858e-04
9.078246075659990311e-04
6.790718762204051018e-04
5.751408752985298634e-04
5.394666804932057858e-04
1.779576559783890843e-04
6.449004285968840122e-04
8.117898250930011272e-04
6.102700717747211456e-04
5.031920154578983784e-04
2.677908923942595720e-04
1.032073516398668289e-03
8.761081844568252563e-04
8.761081844568252563e-04
5.751408752985298634e-04
7.389576785499230027e-05
4.285620525479316711e-04
2.677908923942595720e-04
5.751408752985298634e-04
7.791528478264808655e-04
8.117898250930011272e-04
9.704466210678219795e-04
4.285620525479316711e-04
2.240101748611778021e-04
8.117898250930011272e-04
3.098424058407545090e-04
5.751408752985298634e-04
3.505079366732388735e-04
1.001378404907882214e-03
7.128182915039360523e-04
3.900241863448172808e-04
7.461695349775254726e-04
2.677908923942595720e-04
6.102700717747211456e-04
5.031920154578983784e-04
7.128182915039360523e-04
8.117898250930011272e-04
5.751408752985298634e-04
3.505079366732388735e-04
6.449004285968840122e-04
8.441024692729115486e-04
8.441024692729115486e-04
3.505079366732388735e-04
6.449004285968840122e-04
5.751408752985298634e-04
9.392660576850175858e-04
6.102700717747211456e-04
8.117898250930011272e-04
5.751408752985298634e-04
6.449004285968840122e-04
5.031920154578983784e-04
4.285620525479316711e-04
4.662508144974708557e-04
5.394666804932057858e-04
3.900241863448172808e-04
8.441024692729115486e-04
3.900241863448172808e-04
9.704466210678219795e-04
6.449004285968840122e-04
9.704466210678219795e-04
6.790718762204051018e-04
5.031920154578983784e-04
6.790718762204051018e-04
6.449004285968840122e-04
3.098424058407545090e-04
3.900241863448172808e-04
9.704466210678219795e-04
6.102700717747211456e-04
8.117898250930011272e-04
7.128182915039360523e-04
3.098424058407545090e-04
9.392660576850175858e-04
5.394666804932057858e-04
8.117898250930011272e-04
5.394666804932057858e-04
3.505079366732388735e-04
9.392660576850175858e-04
3.505079366732388735e-04
1.001378404907882214e-03
1.001378404907882214e-03
7.791528478264808655e-04
3.505079366732388735e-04
3.505079366732388735e-04
5.751408752985298634e-04
2.240101748611778021e-04
3.098424058407545090e-04
5.394666804932057858e-04
8.441024692729115486e-04
5.394666804932057858e-04
3.505079366732388735e-04
8.441024692729115486e-04
7.461695349775254726e-04
5.394666804932057858e-04
6.102700717747211456e-04
3.505079366732388735e-04
6.449004285968840122e-04
5.394666804932057858e-04
6.102700717747211456e-04
3.505079366732388735e-04
3.900241863448172808e-04
4.285620525479316711e-04
4.662508144974708557e-04
2.822844168460097731e-17
5.031920154578983784e-04
2.677908923942595720e-04
7.791528478264808655e-04
3.900241863448172808e-04
7.128182915039360523e-04
6.102700717747211456e-04
4.285620525479316711e-04
4.285620525479316711e-04
9.392660576850175858e-04
5.394666804932057858e-04
8.761081844568252563e-04
7.791528478264808655e-04
7.128182915039360523e-04
7.128182915039360523e-04
9.078246075659990311e-04
8.117898250930011272e-04
6.449004285968840122e-04
6.790718762204051018e-04
8.117898250930011272e-04
6.449004285968840122e-04
6.790718762204051018e-04
7.461695349775254726e-04
6.449004285968840122e-04
6.449004285968840122e-04
4.285620525479316711e-04
5.031920154578983784e-04
5.031920154578983784e-04
2.677908923942595720e-04
6.102700717747211456e-04
7.128182915039360523e-04
5.031920154578983784e-04
2.240101748611778021e-04
6.449004285968840122e-04
2.240101748611778021e-04
5.751408752985298634e-04
3.900241863448172808e-04
5.394666804932057858e-04
7.791528478264808655e-04
3.505079366732388735e-04
7.791528478264808655e-04
3.505079366732388735e-04
6.790718762204051018e-04
5.751408752985298634e-04
5.394666804932057858e-04
5.031920154578983784e-04
3.098424058407545090e-04
4.285620525479316711e-04
4.285620525479316711e-04
5.031920154578983784e-04
8.117898250930011272e-04
9.078246075659990311e-04
3.900241863448172808e-04
5.031920154578983784e-04
5.751408752985298634e-04
6.102700717747211456e-04
5.394666804932057858e-04
7.461695349775254726e-04
5.751408752985298634e-04
3.098424058407545090e-04
5.031920154578983784e-04
3.505079366732388735e-04
3.900241863448172808e-04
6.102700717747211456e-04
6.449004285968840122e-04
5.394666804932057858e-04
5.751408752985298634e-04
4.285620525479316711e-04
5.394666804932057858e-04
5.031920154578983784e-04
4.662508144974708557e-04
4.285620525479316711e-04
4.285620525479316711e-04
1.286600017920136452e-04
3.505079366732388735e-04
2.240101748611778021e-04
3.900241863448172808e-04
6.790718762204051018e-04
6.449004285968840122e-04
4.662508144974708557e-04
6.102700717747211456e-04
8.761081844568252563e-04
3.900241863448172808e-04
3.505079366732388735e-04
7.128182915039360523e-04
6.449004285968840122e-04
8.117898250930011272e-04
5.751408752985298634e-04
6.790718762204051018e-04
8.761081844568252563e-04
5.751408752985298634e-04
7.128182915039360523e-04
3.098424058407545090e-04
3.505079366732388735e-04
7.128182915039360523e-04
1.286600017920136452e-04
3.505079366732388735e-04
7.461695349775254726e-04
4.285620525479316711e-04
4.662508144974708557e-04
5.394666804932057858e-04
3.098424058407545090e-04
4.662508144974708557e-04
5.031920154578983784e-04
2.240101748611778021e-04
3.505079366732388735e-04
7.389576785499230027e-05
5.751408752985298634e-04
7.791528478264808655e-04
6.790718762204051018e-04
4.285620525479316711e-04
2.677908923942595720e-04
2.240101748611778021e-04
6.790718762204051018e-04
4.285620525479316711e-04
5.394666804932057858e-04
8.761081844568252563e-04
4.285620525479316711e-04
5.751408752985298634e-04
7.461695349775254726e-04
5.751408752985298634e-04
2.240101748611778021e-04
5.394666804932057858e-04
3.098424058407545090e-04
3.900241863448172808e-04
5.394666804932057858e-04
6.790718762204051018e-04
1.779576559783890843e-04
2.240101748611778021e-04
6.102700717747211456e-04
6.449004285968840122e-04
5.394666804932057858e-04
3.505079366732388735e-04
5.751408752985298634e-04
5.751408752985298634e-04
6.790718762204051018e-04
5.031920154578983784e-04
5.751408752985298634e-04
3.505079366732388735e-04
5.031920154578983784e-04
4.662508144974708557e-04
8.117898250930011272e-04
6.449004285968840122e-04
4.662508144974708557e-04
4.662508144974708557e-04
6.102700717747211456e-04
2.677908923942595720e-04
5.031920154578983784e-04
3.098424058407545090e-04
6.449004285968840122e-04
4.662508144974708557e-04
4.285620525479316711e-04
4.662508144974708557e-04
3.098424058407545090e-04
1.286600017920136452e-04
7.128182915039360523e-04
5.031920154578983784e-04
4.662508144974708557e-04
6.102700717747211456e-04
4.285620525479316711e-04
2.677908923942595720e-04
5.031920154578983784e-04
3.505079366732388735e-04
4.662508144974708557e-04
2.677908923942595720e-04
7.791528478264808655e-04
4.285620525479316711e-04
5.031920154578983784e-04
3.505079366732388735e-04
4.285620525479316711e-04
5.031920154578983784e-04
3.505079366732388735e-04
6.102700717747211456e-04
5.394666804932057858e-04
4.662508144974708557e-04
3.505079366732388735e-04
5.751408752985298634e-04
4.662508144974708557e-04
6.449004285968840122e-04
7.461695349775254726e-04
3.505079366732388735e-04
5.031920154578983784e-04
3.505079366732388735e-04
4.285620525479316711e-04
3.900241863448172808e-04
4.285620525479316711e-04
3.505079366732388735e-04
6.790718762204051018e-04
5.751408752985298634e-04
5.394666804932057858e-04
1.779576559783890843e-04
6.449004285968840122e-04
3.900241863448172808e-04
2.240101748611778021e-04
6.102700717747211456e-04
3.900241863448172808e-04
5.394666804932057858e-04
5.751408752985298634e-04
7.461695349775254726e-04
1.779576559783890843e-04
6.102700717747211456e-04
6.790718762204051018e-04
3.098424058407545090e-04
2.240101748611778021e-04
4.285620525479316711e-04
5.031920154578983784e-04
7.128182915039360523e-04
6.102700717747211456e-04
6.790718762204051018e-04
6.449004285968840122e-04
1.779576559783890843e-04
6.102700717747211456e-04
2.240101748611778021e-04
3.505079366732388735e-04
4.662508144974708557e-04
6.102700717747211456e-04
1.779576559783890843e-04
4.285620525479316711e-04
4.285620525479316711e-04
7.461695349775254726e-04
3.900241863448172808e-04
4.285620525479316711e-04
7.128182915039360523e-04
4.285620525479316711e-04
3.900241863448172808e-04
5.394666804932057858e-04
7.128182915039360523e-04
2.240101748611778021e-04
6.102700717747211456e-04
4.285620525479316711e-04
2.677908923942595720e-04
3.900241863448172808e-04
3.098424058407545090e-04
5.394666804932057858e-04
5.751408752985298634e-04
5.394666804932057858e-04
2.677908923942595720e-04
7.461695349775254726e-04
4.662508144974708557e-04
5.031920154578983784e-04
3.505079366732388735e-04
5.751408752985298634e-04
3.900241863448172808e-04
6.449004285968840122e-04
5.751408752985298634e-04
6.449004285968840122e-04
2.677908923942595720e-04
4.662508144974708557e-04
5.394666804932057858e-04
2.240101748611778021e-04
4.285620525479316711e-04
5.751408752985298634e-04
5.394666804932057858e-04
3.505079366732388735e-04
5.031920154578983784e-04
6.790718762204051018e-04
4.285620525479316711e-04
3.900241863448172808e-04
4.662508144974708557e-04
6.449004285968840122e-04
1.779576559783890843e-04
4.285620525479316711e-04
6.449004285968840122e-04
3.098424058407545090e-04
2.240101748611778021e-04
5.394666804932057858e-04
3.900241863448172808e-04
2.677908923942595720e-04
3.505079366732388735e-04
4.662508144974708557e-04
1.779576559783890843e-04
6.102700717747211456e-04
3.900241863448172808e-04
4.662508144974708557e-04
2.677908923942595720e-04
1.286600017920136452e-04
3.505079366732388735e-04
4.662508144974708557e-04
3.900241863448172808e-04
4.662508144974708557e-04
5.751408752985298634e-04
5.394666804932057858e-04
5.394666804932057858e-04
1.779576559783890843e-04
3.900241863448172808e-04
2.240101748611778021e-04
3.900241863448172808e-04
2.240101748611778021e-04
1.286600017920136452e-04
5.751408752985298634e-04
2.677908923942595720e-04
2.240101748611778021e-04
1.286600017920136452e-04
3.900241863448172808e-04
2.677908923942595720e-04
4.285620525479316711e-04
6.102700717747211456e-04
5.031920154578983784e-04
5.031920154578983784e-04
3.505079366732388735e-04
2.677908923942595720e-04
5.751408752985298634e-04
3.900241863448172808e-04
6.102700717747211456e-04
1.779576559783890843e-04
4.662508144974708557e-04
3.900241863448172808e-04
3.098424058407545090e-04
4.285620525479316711e-04
5.751408752985298634e-04
4.662508144974708557e-04
5.394666804932057858e-04
2.677908923942595720e-04
4.285620525479316711e-04
3.098424058407545090e-04
3.098424058407545090e-04
2.240101748611778021e-04
4.285620525479316711e-04
3.505079366732388735e-04
3.505079366732388735e-04
5.394666804932057858e-04
2.240101748611778021e-04
5.031920154578983784e-04
6.102700717747211456e-04
3.900241863448172808e-04
3.098424058407545090e-04
2.677908923942595720e-04
3.098424058407545090e-04
4.285620525479316711e-04
7.389576785499230027e-05
2.677908923942595720e-04
5.751408752985298634e-04
3.098424058407545090e-04
3.098424058407545090e-04
5.394666804932057858e-04
4.285620525479316711e-04
1.779576559783890843e-04
3.900241863448172808e-04
3.098424058407545090e-04
4.285620525479316711e-04
2.240101748611778021e-04
4.285620525479316711e-04
3.098424058407545090e-04
2.240101748611778021e-04
4.662508144974708557e-04
3.900241863448172808e-04
3.098424058407545090e-04
4.662508144974708557e-04
5.394666804932057858e-04
7.389576785499230027e-05
5.751408752985298634e-04
4.285620525479316711e-04
4.662508144974708557e-04
1.779576559783890843e-04
6.102700717747211456e-04
5.031920154578983784e-04
3.900241863448172808e-04
3.098424058407545090e-04
4.285620525479316711e-04
2.677908923942595720e-04
4.662508144974708557e-04
3.098424058407545090e-04
5.031920154578983784e-04
1.286600017920136452e-04
3.098424058407545090e-04
1.779576559783890843e-04
2.822844168460097731e-17
5.394666804932057858e-04
2.677908923942595720e-04
3.505079366732388735e-04
2.677908923942595720e-04
4.285620525479316711e-04
4.662508144974708557e-04
4.285620525479316711e-04
3.505079366732388735e-04
1.286600017920136452e-04
3.505079366732388735e-04
1.779576559783890843e-04
4.285620525479316711e-04
2.240101748611778021e-04
3.900241863448172808e-04
7.389576785499230027e-05
2.240101748611778021e-04
2.240101748611778021e-04
2.240101748611778021e-04
1.779576559783890843e-04
2.240101748611778021e-04
3.900241863448172808e-04
3.505079366732388735e-04
2.677908923942595720e-04
3.505079366732388735e-04
2.677908923942595720e-04
7.389576785499230027e-05
2.240101748611778021e-04
4.285620525479316711e-04
2.240101748611778021e-04
4.662508144974708557e-04
2.822844168460097731e-17
3.098424058407545090e-04
3.505079366732388735e-04
2.677908923942595720e-04
3.098424058407545090e-04
2.677908923942595720e-04
1.779576559783890843e-04
3.098424058407545090e-04
4.662508144974708557e-04
3.505079366732388735e-04
5.031920154578983784e-04
5.394666804932057858e-04
4.662508144974708557e-04
3.505079366732388735e-04
3.900241863448172808e-04
3.098424058407545090e-04
1.779576559783890843e-04
2.822844168460097731e-17
3.098424058407545090e-04
2.677908923942595720e-04
3.900241863448172808e-04
1.779576559783890843e-04
2.677908923942595720e-04
4.662508144974708557e-04
3.098424058407545090e-04
4.285620525479316711e-04
2.677908923942595720e-04
3.098424058407545090e-04
2.677908923942595720e-04
3.098424058407545090e-04
4.662508144974708557e-04
2.240101748611778021e-04
2.677908923942595720e-04
1.779576559783890843e-04
3.900241863448172808e-04
3.505079366732388735e-04
2.677908923942595720e-04
3.505079366732388735e-04
3.098424058407545090e-04
3.900241863448172808e-04
2.677908923942595720e-04
4.285620525479316711e-04
5.031920154578983784e-04
3.900241863448172808e-04
2.677908923942595720e-04
2.677908923942595720e-04
4.285620525479316711e-04
1.286600017920136452e-04
1.286600017920136452e-04
4.662508144974708557e-04
2.677908923942595720e-04
3.505079366732388735e-04
1.779576559783890843e-04
4.285620525479316711e-04
1.779576559783890843e-04
2.677908923942595720e-04
1.286600017920136452e-04
4.285620525479316711e-04
3.505079366732388735e-04
3.505079366732388735e-04
3.900241863448172808e-04
4.285620525479316711e-04
3.505079366732388735e-04
3.505079366732388735e-04
2.240101748611778021e-04
2.677908923942595720e-04
3.505079366732388735e-04
3.098424058407545090e-04
3.505079366732388735e-04
1.779576559783890843e-04
2.240101748611778021e-04
7.389576785499230027e-05
3.098424058407545090e-04
1.779576559783890843e-04
2.677908923942595720e-04
4.285620525479316711e-04
3.900241863448172808e-04
7.389576785499230027e-05
4.285620525479316711e-04
2.240101748611778021e-04
2.240101748611778021e-04
1.286600017920136452e-04
3.900241863448172808e-04
1.286600017920136452e-04
7.389576785499230027e-05
1.286600017920136452e-04
2.677908923942595720e-04
3.505079366732388735e-04
3.098424058407545090e-04
3.098424058407545090e-04
3.505079366732388735e-04
3.505079366732388735e-04
3.900241863448172808e-04
4.285620525479316711e-04
1.779576559783890843e-04
3.098424058407545090e-04
4.285620525479316711e-04
2.240101748611778021e-04
2.240101748611778021e-04
7.389576785499230027e-05
2.677908923942595720e-04
3.900241863448172808e-04
4.285620525479316711e-04
2.677908923942595720e-04
1.779576559783890843e-04
3.505079366732388735e-04
2.677908923942595720e-04
3.900241863448172808e-04
2.677908923942595720e-04
2.677908923942595720e-04
3.505079366732388735e-04
3.098424058407545090e-04
3.098424058407545090e-04
4.285620525479316711e-04
1.779576559783890843e-04
3.505079366732388735e-04
3.900241863448172808e-04
1.779576559783890843e-04
3.098424058407545090e-04
2.677908923942595720e-04
2.240101748611778021e-04
3.505079366732388735e-04
4.285620525479316711e-04
1.779576559783890843e-04
3.098424058407545090e-04
3.505079366732388735e-04
1.779576559783890843e-04
2.677908923942595720e-04
2.677908923942595720e-04
4.285620525479316711e-04
3.900241863448172808e-04
2.677908923942595720e-04
3.098424058407545090e-04
7.389576785499230027e-05
1.286600017920136452e-04
3.098424058407545090e-04
3.098424058407545090e-04
2.240101748611778021e-04
3.098424058407545090e-04
7.389576785499230027e-05
1.286600017920136452e-04
1.286600017920136452e-04
3.900241863448172808e-04
2.677908923942595720e-04
2.240101748611778021e-04
1.779576559783890843e-04
2.240101748611778021e-04
1.779576559783890843e-04
1.779576559783890843e-04
2.677908923942595720e-04
2.240101748611778021e-04
2.240101748611778021e-04
2.677908923942595720e-04
3.098424058407545090e-04
2.677908923942595720e-04
2.240101748611778021e-04
3.900241863448172808e-04
1.286600017920136452e-04
7.389576785499230027e-05
2.677908923942595720e-04
1.286600017920136452e-04
3.098424058407545090e-04
3.098424058407545090e-04
2.240101748611778021e-04
2.677908923942595720e-04
1.286600017920136452e-04
1.286600017920136452e-04
1.779576559783890843e-04
2.240101748611778021e-04
1.779576559783890843e-04
2.240101748611778021e-04
2.677908923942595720e-04
1.286600017920136452e-04
3.098424058407545090e-04
2.240101748611778021e-04
3.098424058407545090e-04
3.098424058407545090e-04
1.286600017920136452e-04
3.098424058407545090e-04
3.098424058407545090e-04
1.779576559783890843e-04
2.240101748611778021e-04
7.389576785499230027e-05
1.779576559783890843e-04
7.389576785499230027e-05
1.286600017920136452e-04
1.779576559783890843e-04
1.779576559783890843e-04
2.677908923942595720e-04
2.240101748611778021e-04
2.677908923942595720e-04
1.779576559783890843e-04
1.779576559783890843e-04
1.286600017920136452e-04
2.240101748611778021e-04
2.240101748611778021e-04
2.240101748611778021e-04
1.779576559783890843e-04
1.286600017920136452e-04
1.286600017920136452e-04
2.240101748611778021e-04
7.389576785499230027e-05
1.779576559783890843e-04
1.779576559783890843e-04
1.286600017920136452e-04
1.286600017920136452e-04
2.240101748611778021e-04
2.677908923942595720e-04
1.779576559783890843e-04
2.240101748611778021e-04
1.286600017920136452e-04
1.779576559783890843e-04
1.779576559783890843e-04
1.779576559783890843e-04
1.779576559783890843e-04
1.286600017920136452e-04
7.389576785499230027e-05
2.822844168460097731e-17
2.240101748611778021e-04
7.389576785499230027e-05
2.677908923942595720e-04
1.779576559783890843e-04
7.389576785499230027e-05
1.286600017920136452e-04
1.779576559783890843e-04
7.389576785499230027e-05
1.286600017920136452e-04
1.779576559783890843e-04
2.240101748611778021e-04
